26.1 21.725
24.721 28.753
36.891 30.742
23.687 28.096
17.841 21.723
30.256 22.958
32.535 25.719
9.0352 18.89
35.389 28.451
22.392 18.955
36.185 30.046
18.063 25.461
22.68 28.211
31.923 30.372
16.122 19.198
28.898 28.925
15.748 18.935
33.069 27.685
16.123 25.961
39.412 28.146
35.397 28.399
18.757 25.731
35.232 25.667
8.5102 15.509
19.576 20.438
33.265 28.257
16.392 25.855
17.402 25.361
17.214 22.01
16.537 24.481
10.369 24.095
35.897 26.849
25.27 20.314
18.34 20.893
16.73 20.774
34.812 29.075
28.326 29.129
14.215 19.492
21.7 28.813
20.676 19.296
17.068 20.868
22.694 20.211
36.618 27.661
26.057 29.923
35.987 26.951
15.51 21.013
20.098 21.025
20.204 26.483
15.64 22.364
33.174 29.802
15.223 15.787
30.572 30.222
11.89 22.497
18.07 20.817
23.834 21.006
34.87 29.76
30.279 28.871
18.303 21.065
34.875 22.745
35.261 26.943
24.704 21.03
28.95 29.047
16.747 21.488
25.965 21.248
22.839 28.417
18.545 19.096
27.096 29.873
8.4607 18.764
24.852 30.134
20.27 27.011
30.463 29.253
18.816 21.426
13.35 21.924
25.234 21.748
14.883 20.887
40.323 28.598
20.863 20.935
33.282 27.886
37.359 34.189
22.165 20.418
19.931 28.35
24.874 21.688
17.121 18.08
16.765 24.822
18.184 25.022
38.486 28.11
24.455 28.708
17.728 22.212
17.986 19.049
26.758 29.005
20.66 20.996
20.823 20.937
24.664 28.563
26.961 21.573
15.551 21.911
15.341 22.951
22.026 27.275
25.907 20.502
33.7 24.028
21.187 20.478
25.827 21.652
14.527 23.295
22.602 20.007
23.845 20.536
36.452 28.196
23.794 29.379
20.05 20.135
31.303 28.923
21.067 27.986
15.603 22.571
25.992 30.451
26.471 21.212
22.166 32.738
33.425 28.417
28.596 22.492
17.471 24.31
34.155 27.404
19.571 21.075
16.657 24.959
15.525 23.245
33.158 29.156
14.479 26.951
12.268 22.084
24.226 18.203
19.279 20.273
34.21 27.297
14.595 21.621
25.973 29.028
36.615 29.08
16.361 18.926
16.242 17.977
15.402 21.347
25.621 21.288
13.768 23.464
14.906 21.426
34.089 28.908
17.38 23.645
33.594 25.968
17.387 22.552
11.52 24.364
11.765 20.079
14.882 25.151
29.458 30.106
34.166 28.635
20.106 27.559
18.464 26.501
36.477 30.243
16.391 27.938
15.86 26.534
18.721 25.499
27.456 20.108
16.242 25.374
32.412 27.838
15.987 21.053
31.166 28.452
17.722 22.356
40.236 26.247
16.635 23.018
18.672 26.396
36.426 27.419
18.782 27.5
34.197 26.728
21.907 20.662
16.74 22.687
21.285 28.399
27.079 29.314
16.436 27.132
36.006 25.998
13.181 23.121
15.809 22.893
13.405 21.177
32.778 25.804
22.568 27.506
20.567 27.845
29.287 30.002
32.499 31.158
14.712 21.584
33.663 29.799
16.301 23.262
20.844 28.717
21.593 27.233
26.376 29.038
17.345 21.722
15.27 21.631
33.016 28.199
33.094 25.125
22.876 18.763
16.246 22.095
33.498 23.208
34.57 24.311
17.598 20.851
29.647 30.735
20.882 27.427
17.633 24.337
32.456 27.63
26.121 19.677
18.155 21.393
18.971 19.054
19.525 18.631
34.861 29.98
30.217 30.878
17.58 24.298
15.226 22.3
20.128 28.355
29.996 29.426
30.203 28.756
19.207 26.513
17.686 20.501
32.119 32.297
16.63 19.688
33.875 24.752
24.04 20.601
25.742 28.863
28.838 22.438
7.0444 23.639
14.687 16.211
27.685 28.843
32.46 23.265
25.601 28.788
31.826 28.654
30.408 23.014
28.549 22.01
13.392 21.149
32.352 28.613
33.308 25.835
16.537 25.166
25.347 21.791
18.239 16.267
17.5 24.544
31.273 31.18
19.98 20.875
12.3 18.497
11.915 22.679
13.371 25.008
20.879 27.082
33.93 26.641
36.292 30.674
34.7 30.017
26.78 21.399
29.413 21.445
34.858 27.743
20.942 27.793
19.342 21.299
28.111 30.259
17.592 19.275
34.394 28.433
36.297 25.009
18.056 26.184
15.355 22.996
27.977 29.767
36.128 29.224
25.104 28.798
31.063 21.141
37.714 24.686
33.897 24.842
24.95 21.306
15.181 24.616
18.66 19.506
32.033 28.299
18.984 21.523
35.014 28.015
17.087 23.403
17.646 22.027
24.345 17.63
26.631 29.893
24.648 28.487
32.473 27.841
21.193 26.89
25.678 21.101
16.204 21.933
16.666 19.952
40.59 26.935
18.894 27.814
15.701 20.027
21.699 28.048
13.85 25.11
30.999 23.359
9.2792 24.295
33.921 27.961
24.391 28.537
28.527 22.652
18.065 25.79
29.104 33.239
15.126 20.835
23.08 27.735
29.506 23.168
20.444 27.609
18.01 25.021
30.804 21.588
27.827 32.838
11.785 24.171
28.587 29.338
25.359 21.321
20.316 21.144
29.895 22.48
20.708 20.881
31.726 23.899
15.217 23.215
34.121 34.966
21.194 30.472
37.528 27.057
33.423 29.087
17.699 19.293
29.55 21.346
25.785 19.899
21.572 27.277
18.958 18.264
22.837 19.506
29.918 28.776
14.588 20.432
23.015 20.009
26.668 29.481
34.397 27.845
25.606 28.74
33.751 28.67
15.45 21.853
31.058 28.609
29.893 29.846
16.896 24.439
22.815 21.176
21.892 27.574
32.012 24.475
23.502 18.839
17.41 22.686
25.565 21.258
17.39 19.393
16.147 25.16
26.732 31.39
32.548 22.611
33.912 27.392
22.331 18.3
21.633 27.907
29.505 23.444
25.092 20.298
16.757 24.962
30.339 23.198
31.583 28.806
20.062 27.411
27.405 21.026
23.322 19.461
27.406 20.284
17.174 25.962
22.41 19.826
16.253 18.462
34.718 23.254
33.582 27.484
22.113 27.508
31.009 23.838
17.438 21.184
31.027 21.35
15.13 23.259
14.275 18.47
26.517 29.225
22.994 20.647
14.939 22.712
33.522 26.085
32.341 30.193
16.054 23.214
23.129 20.548
18.536 21.544
30.156 29.799
35.019 28.796
23.425 30.091
36.691 24.684
18.152 26.39
15.823 24.904
31.609 29.061
26.255 21.848
35.763 24.928
27.128 31.198
25.75 21.796
20.357 21.241
33.127 27.079
14.728 23.351
17.078 22.489
29.321 29.919
23.689 18.151
21.166 27.383
30.066 21.98
16.397 21.033
38.164 22.873
33.108 25.578
19.559 26.199
34.203 28.31
34.63 27.312
31.345 29.658
31.559 28.631
27.63 29.976
30.097 23.614
14.839 22.787
26.595 29.902
30.179 28.685
25.093 20.094
22.192 27.466
26.043 32.085
30.639 22.372
31.276 23.343
17.214 24.724
16.704 22.885
27.356 29.392
20.031 29.091
13.523 22.991
19.175 26.195
17.772 24.948
32.74 28.487
31.514 29.902
32.923 27.769
34.009 25.878
18.421 21.292
31.738 21.614
23.354 27.791
17.626 20.348
15.291 22.377
26.07 28.938
35.543 27.434
32.507 29.309
24.285 21.292
33.579 28.889
19.694 28.373
13.631 23.81
35.854 25.358
22.263 27.419
20.287 27.838
14.471 22.307
32.773 23.894
34.086 26.809
30.635 23.964
16.605 24.074
24.936 28.363
15.107 17.846
27.625 28.733
13.502 19.471
33.591 27.446
21.859 19.732
36.45 29.634
21.323 20.368
19.981 27.722
23.478 18.866
29.849 22.108
31.757 24.236
20.646 28.401
35.257 24.967
26.119 30.787
12.857 20.551
27.324 21.884
17.275 25.048
31.314 22.843
31.39 24.337
31.402 28.822
32.422 25.755
39.547 24.239
20.342 27.05
30.529 28.896
38.78 26.924
36.049 27.78
32.034 32.559
19.845 20.193
35.056 31.067
14.982 26.431
9.8563 18.842
16.695 21.639
18.217 25.647
36.054 25.743
34.111 31.155
22.885 31.058
19.046 19.554
11.573 17.969
10.517 20.749
33.062 27.861
25.368 20.161
15.171 25.576
18.416 25.769
25.208 21.659
25.702 31.832
35.8 22.824
22.54 21.19
32.453 27.386
25.917 29.315
35.179 25.647
16.837 24.185
13.142 22.557
35.972 29.173
18.106 21.565
16.16 24.039
12.527 18.564
23.925 30.568
11.35 26.054
32.502 25.659
24.792 21.542
30.832 22.194
27.387 30.104
11.833 18.004
31.713 29.7
21.399 28.591
23.562 28.485
13.237 19.181
24.651 29.651
20.981 20.655
40.602 29.309
19.196 29.278
15.864 24.015
31.326 30.102
28.772 30.647
31.145 24.426
28.754 29.044
26.015 21.956
23.748 21.152
20.034 20.057
22.54 21.245
19.044 20.663
22.01 27.405
33.681 27.898
31.101 24.273
15.727 21.755
30.085 22.03
29.405 31.37
25.314 28.75
31.258 29.599
35.319 27.016
36.64 29.101
17.584 21.565
31.113 29.068
17.441 21.695
13.001 22.681
13.377 25.765
14.094 23.853
13.026 21.58
35.93 28.376
11.399 21.911
38.893 29.152
33.517 32.265
34.611 24.627
12.947 20.394
15.516 20.011
30.697 23.057
31.696 29.92
27.843 29.224
17.549 19.077
18.315 24.987
23.022 21.293
16.182 18.598
33.872 29.757
18.431 19.28
21.259 27.846
32.9 23.67
10.208 24.591
21.451 27.557
33.348 26.398
34.607 30.091
39.1 31.181
17.332 23.108
32.107 32.909
19.138 27.238
30.998 29.32
36.013 29.402
32.686 28.315
31.436 31.415
27.216 30.806
33.605 31.93
17.83 21.903
25.181 29.288
16.309 19.034
18.974 17.947
33.129 26.381
39.888 29.646
32.264 21.299
24.927 28.357
30.027 21.333
24.324 20.203
27.956 21.884
26.038 28.993
37.126 29.889
20.378 20.564
33.003 27.191
36.555 26.561
11.672 21.383
19.46 26.969
28.141 29.122
34.562 29.177
32.152 25.657
19.92 18.969
32.574 26.092
14.735 24.066
8.2029 19.715
16.857 15.944
15.342 22.796
39.42 26.586
13.772 27.26
24.984 20.459
34.43 26.043
25.003 28.642
16.937 21.285
16.436 23.483
18.872 19.338
17.724 29.327
27.57 30.859
20.96 21.181
21.564 27.099
23.281 20.969
38.455 28.909
15.542 24.532
14.881 21.133
26.528 22.019
19.066 19.695
18.318 25.072
31.742 30.238
27.541 29.737
20.739 26.637
11.113 19.368
23.473 17.108
21.957 29.964
40.511 30.481
34.716 27.03
20.969 27.379
14.869 23.323
30.493 28.935
32.344 26.053
15.612 24.792
33.724 24.699
29.959 23.023
16.898 24.495
19.21 19.936
15.685 21.647
26.721 22.255
27.742 30.623
17.173 22.721
27.977 29.024
32.042 24.276
11.235 20.556
34.084 28.094
33.69 27.902
24.036 28.046
14.745 21.806
30.145 23.645
12.706 16.061
35.913 25.862
26.034 21.919
34.161 28.953
15.859 22.94
21.378 27.673
30.153 21.116
31.881 28.129
23.648 18.899
29.716 21.759
21.667 28.067
20.966 26.817
35.233 23.383
27.109 18.979
15.566 26.779
28.6 30.751
26.112 21.472
27.212 22.042
15.358 22.091
21.547 19.312
17.96 28.829
16.573 20.948
24.857 28.374
27.254 20.855
24.487 18.296
23.888 28.9
34.061 26.773
7.8006 19.615
21.028 27.306
23.317 28.448
28.59 21.389
20.914 20.946
25.964 29.698
16.493 21.003
23.522 31.048
32.581 25.264
33.976 25.913
17.184 20.06
17.062 23.577
33.329 25.784
21.65 27.112
24.562 28.196
18.822 25.327
30.167 23.406
14.067 23.724
11.439 19.773
31.83 25.269
22.1 20.652
32.953 24.377
17.982 27.29
25.648 31.011
16.945 23.47
8.0827 21.68
36.586 26.056
23.213 27.788
15.972 24.757
29.149 30.261
16.962 25.225
15.514 21.247
19.972 17.898
26.117 29.216
25.177 18.935
22.215 29.064
35.594 27.349
28.401 30.067
35.193 26.707
33.252 26.842
24.362 21.239
30.113 20.658
16.227 22.013
29.02 30.631
27.163 22.314
18.912 20.382
38.151 23.431
23.724 21.395
26.534 17.139
29.487 21.951
18.911 26.366
33.822 22.045
33.606 31.615
15.542 22.117
21.712 18.974
22.476 28.096
22.987 28.758
17.79 25.081
33.081 29.901
16.355 22.968
17.605 27.356
12.552 18.134
16.818 25.303
21.392 20.876
23.193 28.445
29.079 28.972
17.899 19.499
18.256 20.271
22.032 29.592
17.804 25.571
16.293 21.485
14.002 22.928
26.893 32.455
17 24.28
34.192 25.309
19.296 20.87
19.882 29.67
26.568 29.109
30.912 20.823
31.847 29.874
23.233 21.054
21.675 27.613
19.636 27.215
34.335 25.808
23.064 29.895
16.621 19.849
31.217 29.952
30.234 29.338
35.502 28.997
13.341 22.692
18.973 25.732
14.154 17.543
18.423 27.108
25.542 28.682
16.132 21.271
15.834 21.115
27.316 20.47
28.178 22.421
11.46 19.882
23.649 20.787
28.852 31.222
15.549 22.86
23.293 28.146
19.264 28.107
26.711 29.06
31.996 22.805
21.67 27.128
32.708 28.637
15.07 19.779
34.161 27.984
37.259 29.726
25.144 28.865
19.136 19.584
32.92 23.435
33.766 27.426
31.201 23.166
16.664 22.605
33.676 27.328
31.339 30.709
33.836 27.945
31.84 24.555
27.918 31.484
26.6 31.629
29.441 30.113
22.797 19.123
14.593 23.26
12.875 21.141
5.1847 19.373
21.161 28.844
17.159 18.846
17.067 22.583
17.759 21.92
33.935 24.726
32.287 28.852
15.84 23.174
12.836 22.445
30.757 23.965
21.456 29.217
37.705 30.216
16.572 20.596
34.425 30.378
20.635 20.741
27.061 20.274
18.974 30.406
25.242 20.029
16.764 26.912
39.438 26.883
26.784 28.77
12.281 20.741
19.964 26.774
30.113 22.687
23.495 28.594
27.293 28.723
17.848 21.378
22.953 21.118
26.635 30.005
26.938 20.003
32.573 25.361
30.8 22.851
22.241 20.185
21.073 20.053
34.157 26.116
20.219 29.668
21.674 28.798
39.156 31.135
15.456 22.387
34.958 24.458
38.582 26.656
23.217 18.816
19.872 21.079
36.712 30.283
16.33 21.816
27.148 32.453
30.387 29.234
18.681 25.911
18.303 19.117
19.54 26.942
13.502 22.829
24.344 17.964
37.907 30.344
21.796 28.239
24.287 30.605
20.075 21.033
23.801 28.116
35.795 28.64
14.316 20.107
26.357 28.552
15.883 22.461
29.23 21.346
21.263 20.465
22.678 19.472
16.907 20.537
32.461 29.743
17.231 23.899
17.031 19.921
15.032 23.204
33.327 27.589
19.601 21.365
13.708 21.596
18.634 18.717
34.475 29.444
14.774 23.17
19.457 16.875
24.753 28.299
15.654 22.993
24.245 19.824
18.338 25.635
23.884 28.443
17.242 17.635
36.128 25.232
29.628 22.392
12.175 22.777
25.048 29.649
31.866 29.166
13.659 22.437
32.191 24.401
18.164 24.737
13.697 26.482
31.654 25.143
33.344 26.777
18.913 25.735
28.161 32.884
16.694 19.625
21.645 28.62
18.266 24.911
34.892 26.988
31.692 23.301
28.873 29.447
33.163 29.025
30.733 31.36
36.561 27.038
22.412 19.57
30.168 28.732
37.385 25.871
43.573 27.683
18.771 26.56
25.541 21.8
33.814 24.68
14.801 21.704
27.977 29.159
14.048 20.605
30.845 20.89
36.295 28.44
28.922 30.768
18.077 24.82
29.924 30.852
32.224 22.326
24.274 20.971
33.262 26.75
36.161 26.583
25.14 21.282
25.126 29.591
27.98 29.153
28.534 22.638
20.529 27.58
15.894 24.981
29.967 28.986
31.922 25.438
13.206 17.348
15.254 19.266
14.546 22.392
29.587 29.405
10.014 20.148
17.989 28.718
17.602 21.277
21.507 21.149
23.399 21.41
22.506 19.062
24.921 21.561
19.265 26.107
29.07 22.677
34.287 25.315
41.269 29.159
34.763 27.912
30.197 22.44
30.187 23.572
31.973 24.979
30.791 28.774
27.722 28.808
12.403 20.343
33.821 20.533
15.721 24.751
14.375 20.422
16.684 25.049
15.716 20.945
25.663 20.752
30.082 23.847
25.392 30.924
35.437 28.205
16.207 23.208
19.756 27.965
34.518 26.081
20.569 30.951
29 22.706
36.789 26.484
30.575 22.768
22.845 20.874
36.742 30.851
23.353 32.855
15.005 20.847
30.27 30.55
32.606 26.223
29.197 30.291
26.598 29.518
15.078 22.859
27.673 28.933
15.555 23.154
17.983 20.972
33.081 28.844
24.146 30.334
28.417 21.568
10.955 19.703
16.316 19.736
20.896 27.583
31.49 23.304
26.68 21.397
34.755 22.58
20.719 18.428
23.127 28.942
29.41 22.945
32.301 31.607
33.123 27.957
10.887 23.237
26.128 29.847
26.625 30.593
28.399 22.301
17.915 22.037
20.065 27.094
32.485 25.545
29.248 29.602
17.14 23.529
21.73 20.728
32.206 28.764
34.329 23.803
30.949 22.599
22.048 20.516
15.195 21.701
19.953 27.117
31.758 22.25
