29.781 28.586
28.521 23.393
25.269 22.335
18.432 24.33
20.476 26.096
29.655 24.668
26.547 22.38
22.982 27.441
17.747 22.366
27.675 28.563
25.335 27.891
30.508 25.377
18.27 24.377
24.725 22.208
29.328 24.409
27.349 28.064
25.153 28.088
19.728 24.751
27.3 22.501
31.413 27.663
26.014 22.146
19.918 21.415
21.336 26.094
18.293 22.964
28.677 28.072
30.089 24.574
31.031 26.318
20.012 25.175
30.928 26.513
19.298 22.173
21.088 25.801
29.812 27.519
21.293 26.41
18.181 22.958
18.713 23.109
21.741 21.619
20.858 21.27
19.664 21.985
22.194 26.614
24.347 27.501
23.574 27.429
28.507 23.697
19.187 22.961
19.096 25.091
23.622 27.244
30.73 27.478
30.192 27.508
19.046 23.326
30.717 26.248
26.793 27.764
20.928 25.994
22.982 27.542
21.286 26.342
25.1 28.056
32.113 26.285
29.825 28.097
30.803 28.492
25.421 27.937
28.402 27.963
30.68 26.503
18.602 24.389
31.04 25.888
29.998 23.991
19.561 22.268
18.135 23.703
30.18 25.432
30.479 25.87
20.327 22.133
30.747 26.516
19.813 21.786
20.413 26.403
28.979 24.284
22.348 26.597
31.514 26.715
20.744 21.8
21.597 26.035
24.736 27.576
26.862 28.254
30.388 27.021
22.066 26.694
31.316 25.203
18.937 22.658
26.746 28.326
29.357 28.339
18.628 23.811
21.342 21.886
18.221 22.403
26.373 27.859
29.878 24.47
19.012 25.391
27.679 28.302
20.27 22.331
28.305 28.204
25.458 27.993
18.277 23.238
31.626 28.12
30.207 27.475
21.33 26.337
29.819 28.153
27.639 28.168
22.265 22.163
26.751 27.945
26.179 27.972
29.681 28.502
19.552 24.364
29.368 24.068
31.695 26.234
26.799 28.254
25.382 27.894
25.699 28.138
21.027 21.955
26.361 22.806
20.135 26.012
25.133 21.809
26.849 28.572
21.359 21.39
17.856 23.774
25.117 21.963
30.791 26.711
24.219 27.871
27.853 27.956
19.233 22.591
21.251 26.829
23.158 21.891
23.076 21.897
21.459 21.728
20.881 25.861
28.611 28.042
19.379 22.014
18.217 24.332
26.407 28.141
19.892 21.96
21.307 26.028
20.404 25.203
27.741 28.233
30.989 26.101
29.672 27.517
19.942 25.448
19.429 23.79
25.303 22.404
19.729 24.758
19.468 25.718
22.407 26.79
22.714 21.555
17.655 22.667
31.454 27.741
30.077 27.221
27.306 28.21
19.219 23.434
30.543 27.09
29.207 28.307
17.726 23.26
26.965 23.036
29.24 27.692
21.449 22.014
18.399 23.567
27.315 28.379
26.204 27.867
22.252 22.225
20.847 26.529
23.927 22.366
20.423 26.262
23.817 27.489
31.909 27.721
19.887 25.447
18.343 23.431
22.067 21.829
28.556 28.188
18.877 23.275
23.305 27.545
22.614 27.201
19.004 22.708
31.869 26.194
28.829 28.001
19.336 25.289
18.597 23.488
22.834 22.054
31.055 25.814
19.141 21.838
29.054 27.729
19.289 23.093
26.727 28.543
22.652 27.37
19.573 22.845
30.595 27.879
28.137 23.807
30.703 26.384
18.615 22.735
20.361 21.824
19.332 24.538
28.827 28.362
31.581 26.197
28.807 28.367
30.637 27.657
30.834 26.886
18.686 22.876
19.378 24.316
30.82 25.444
21.012 22.138
18.757 23.871
28.641 23.498
22.041 26.878
31.186 24.874
20.911 21.824
18.43 23.477
28.566 23.649
23.933 27.661
18.298 24.122
31.939 26.204
31.173 26.066
25.97 22.728
20.717 26.522
24.31 21.85
22.098 21.465
30.352 24.787
18.492 22.573
24.077 21.63
27.398 23.006
28.548 23.777
23.736 27.427
20.821 21.379
30.63 25.829
30.508 27.148
21.982 21.941
29.745 23.836
17.892 24.071
18.976 24.033
19.241 21.822
28.394 28.36
29.479 24.012
18.098 23.182
20.22 22.527
25.491 22.652
31.001 25.587
17.754 22.972
25.783 22.629
18.474 22.499
26.78 27.816
26.665 22.919
28.757 28.468
30.085 24.702
31.904 26.136
24.182 27.336
30.121 28.195
27.839 22.859
27.011 28.428
24.585 27.422
30.496 25.319
24.374 21.862
28.32 28.051
18.995 21.76
25.531 22.739
27.306 27.847
29.02 27.949
29.604 27.509
27.258 22.968
21.097 22.152
32.073 27.616
26.564 28.42
26.951 22.64
19.049 22.841
30.24 24.582
28.623 27.872
28.342 28.4
17.878 23.952
31.186 27.064
17.653 22.71
20.396 25.46
22.246 21.887
24.031 21.823
29.244 24.036
22.616 26.777
19.205 22.967
23.034 26.843
18.615 23.609
18.231 23.801
32.233 27.17
30.203 28.344
29.894 28.578
19.314 25.111
25.558 22.679
28.649 28.061
18.641 23.195
24.212 21.802
24.916 27.672
18.939 23.975
29.875 28.386
28.996 27.794
27.381 28.088
26.604 27.703
18.451 24.036
28.811 23.402
30.473 24.323
22.154 26.503
27.776 28.705
27.579 23.179
30.652 27.409
29.978 27.591
18.784 23.686
20.453 22.19
25.468 27.741
27.479 22.679
18.956 23.043
30.562 26.39
31.446 26.777
31.068 26.015
29.986 23.937
18.149 23.852
28.958 28.723
28.659 28.123
24.86 22.432
26.092 27.697
28.864 28.484
26.265 22.783
18.745 21.88
28.073 27.914
31.109 27.797
23.659 27.401
20.754 25.8
21.896 26.218
23.042 26.808
21.606 26.697
25.883 28.442
18.451 21.986
29.932 28.436
30.329 28.042
19.224 22.88
18.421 24.131
25.112 22.313
31.542 25.157
19.353 21.607
24.922 22.274
22.272 22.188
22.686 21.941
27.336 23.116
30.067 24.799
29.124 27.856
29.999 24.495
26.996 22.973
19.189 23.625
29.945 24.03
18.078 23.005
30.339 25.598
20.2 22.34
19.573 25.748
20.776 26.171
30.921 28.471
28.121 27.986
18.642 22.349
26.961 23.066
29.698 24.649
30.982 26.434
19.656 24.667
23.088 21.989
29.154 24.132
29.74 24.114
24.821 21.856
20.569 22.011
21.656 26.251
19.709 22.388
20.42 21.817
20.568 25.591
23.177 26.813
30.624 26.692
31.197 28.328
24.781 22.133
24.889 22.419
31.462 27.061
17.65 23.465
21.148 21.917
31.004 24.752
18.409 22.149
23.574 22.115
30.721 27.673
31.775 26.559
30.936 26.05
27.109 22.43
24.148 21.882
24.77 22.369
29.979 27.318
30.722 25.334
19.311 24.135
25.318 22.144
21.463 26.347
23.207 22.282
31.24 26.392
31.724 27.721
30.089 24.505
19.38 25.284
31.236 25.131
25.465 27.857
28.729 24.023
21.73 26.257
19.838 25.352
24.647 21.902
23.386 27.223
19.638 22.187
31.147 27.36
19.036 23.88
18.866 23.805
20.912 22.082
22.054 26.798
19.87 22.154
25.796 22.476
25.782 22.393
27.367 22.809
21.59 22.229
22.911 21.493
20.374 21.351
26.938 22.938
29.601 27.658
31.166 25.943
28.165 23.584
18.949 22.712
31.583 26.704
29.006 23.947
18.999 23.512
29.216 24.183
23.44 27.258
23.758 22.147
22.841 26.694
28.286 28.402
22.051 26.855
29.659 28.606
23.315 21.612
20.989 25.684
31.16 25.951
30.216 28.405
19.446 22.859
20.49 21.433
21.189 25.837
20.016 21.571
22.287 26.575
26.325 28.328
30.4 25.465
23.388 22.096
31.66 25.586
19.973 25.852
28.064 23.66
26.687 23.074
32.392 26.32
28.902 28.464
26.096 27.78
28.047 27.924
19.849 24.825
26.5 28.147
27.155 27.773
20.215 22.394
21.214 26.543
31.33 25.604
18.931 24.515
19.988 25.94
32.256 26.626
30.923 27.64
30.013 25.082
22.113 26.345
30.643 26.605
19.056 24.295
19.519 22.932
20.487 21.78
31.731 26.689
18.241 23.703
31.125 25.406
28.779 23.631
19.057 23.731
27.291 28.007
19.491 25.4
19.355 21.912
31.3 26.07
30.029 27.395
30.227 24.944
19.81 25.158
24.163 27.321
22.768 22.185
30.536 26.791
18.231 22.918
18.538 24.411
21.093 26.137
26.439 28.311
26.286 27.717
30.513 25.582
25.22 22.027
21.609 21.915
28.39 28.195
26.894 23.064
31.009 27.302
17.834 24.099
25.834 22.526
22.952 22.067
22.938 27.504
18.468 24.966
31.082 28.368
27.078 22.685
18.891 21.603
27.704 23.259
23.194 22.098
24.608 27.371
25.684 28.283
30.268 25.2
25.467 22.439
29.39 28.297
24.476 27.602
19.201 21.572
29.931 27.908
30.452 24.55
20.581 22.44
21.863 26.792
18.292 22.037
30.011 23.992
23.876 27.352
22.457 26.691
21.618 26.921
30.759 28.016
30.586 28.119
30.624 26.975
19.881 21.714
20.249 25.077
22.488 27.338
19.602 25.205
26.142 22.491
23.588 22.141
28.137 28.578
20.193 25.743
23.912 21.768
31.099 26.156
32.174 26.312
30.57 25.057
19.056 24.273
23.821 27.408
27.042 23.082
20.386 25.47
29.157 27.959
27.433 28.129
19.606 24.756
26.745 28.238
27.366 23.318
19.758 21.645
19.601 24.725
21.493 25.974
18.995 24.1
21.547 21.956
19.37 21.746
22.565 27.167
21.795 22.152
20.219 26.206
30.315 27.665
32.199 27.182
19.203 24.742
25.787 22.1
19.318 24.664
20.922 21.723
19.801 22.452
25.462 22.013
18.65 24.082
19.746 25.996
20.969 21.973
20.402 25.537
28.219 28.289
19.188 21.839
20.316 22.346
24.602 27.652
30.921 25.956
22.851 21.927
29.375 27.735
32.375 26.338
19.966 24.972
24.684 22.255
29.699 23.716
26.587 23.029
26.73 22.599
20.426 25.979
28.001 28.15
24.347 27.703
20.499 22.11
29.755 24.182
21.916 21.347
26.377 27.793
29.784 28.651
22.497 21.439
31.501 28.201
22.155 21.444
28.249 27.921
24.772 27.384
23.337 27.62
18.505 22.81
19.315 25.149
19.929 22.298
23.03 21.492
30.808 26.49
20.631 25.621
26.261 28.32
20.555 21.932
24.412 27.502
31.44 27.475
17.654 22.666
18.6 22.675
27.475 23.273
20.926 21.625
29.713 28.058
26.641 23.066
19.179 25.346
18.957 24.126
22.335 21.314
19.077 22.143
21.956 27.165
22.061 22.039
25.5 27.694
30.132 24.997
21.291 25.897
29.282 27.778
17.857 22.833
23.343 27.057
22.245 21.767
28.459 23.271
21.85 22.232
19.863 25.928
28.495 28.071
31.44 25.615
27.778 23.537
27.116 27.778
27.794 23.455
21.46 21.527
21.475 26.575
31.184 25.646
31.717 27.35
30.825 24.946
19.462 21.971
25.134 22.387
20.732 22.297
18.496 22.738
22.915 21.473
20.089 25.703
31.194 26.322
25.506 28.029
21.209 26.003
27.15 22.621
23.756 21.904
29.438 24.384
22.296 26.48
24.087 27.409
30.57 25.093
30.745 27.494
19.211 22.851
23.145 21.673
30.822 26.423
18.537 22.848
31.177 26.207
18.473 24.115
22.093 21.8
29.176 23.826
27.812 27.874
21.758 26.998
27.999 28.336
32.215 26.19
23.336 22.209
31.058 25.39
29.254 27.752
29.094 27.792
31.124 28.357
20.58 26.321
21.671 26.29
17.979 23.142
28.373 28.261
22.482 22.201
20.237 25.206
22.455 27.315
20.017 26.029
18.034 22.523
24.38 22.086
32.472 26.804
21.918 21.765
29.821 23.995
20.763 21.744
19.029 24.658
26.144 28.461
29.328 24.469
19.26 24.143
23.027 27.451
29.974 28.389
25.478 27.737
23.509 27.359
27.917 23.165
24.228 27.446
23.728 27.642
21.622 26.098
25.166 22.089
17.712 23.033
18.639 23.238
28.345 27.959
18.027 22.927
31.035 26.156
22.075 26.575
19.542 21.853
19.177 24.958
30.929 25.193
31.048 26.92
23.777 21.851
26.23 27.71
26.475 23.01
19.333 25.179
29.176 28.505
28.532 23.129
27.235 23.252
19.395 23.073
19.375 25.301
31.432 28.007
22.694 22.013
24.007 27.458
19.513 22.279
30.504 24.409
17.796 23.971
22.549 21.385
18.035 24.01
24.334 27.926
19.46 23.266
31.797 25.325
29.415 23.492
30.845 26.934
21.946 26.525
20.405 21.985
26.828 22.819
25.133 28.174
20.45 21.385
20.935 22.138
27.966 27.837
25.171 27.918
29.79 28.592
31.702 26.649
30.363 24.786
19.647 21.533
29.514 28.578
21.716 21.816
30.638 24.348
31.511 26.944
19.028 22.409
21.158 26.192
18.737 21.748
18.438 22.519
31.424 28.291
26.357 28.49
19.296 22.377
31.228 26.698
22.282 21.994
23.535 22.183
21.015 25.839
19.342 24.062
19.157 21.855
17.832 22.684
25.377 27.921
19.379 21.842
27.9 28.265
26.898 23.091
21.519 21.661
31.409 27.016
21.338 25.934
30.873 28.448
18.917 25.384
22.683 26.895
18.378 22.779
21.839 26.843
18.638 23.231
21.26 25.994
19.344 24.392
17.672 23.656
29.589 24.58
29.7 27.754
18.488 22.922
18.952 23.584
27.758 27.939
24.947 27.669
21.801 21.726
19.524 25.218
27.882 28.588
19.603 22.211
23.167 27.161
19.321 23.665
18.307 24.097
21.955 21.537
24.784 27.472
28.918 23.963
32.178 27.503
17.98 23.464
26.23 22.234
20.835 22.073
31.673 27.503
21.489 21.353
20.744 21.614
31.042 25.658
29.867 27.679
31.705 26.756
21.548 26.739
32.451 26.951
29.812 24.498
25.53 22.375
17.53 23.373
26.464 28.295
21.846 22.241
25.105 27.745
25.069 27.84
21.474 22.11
18.677 22.959
22.686 22.177
18.8 23.219
26.488 22.905
25.976 27.704
25.545 28.015
22.016 26.591
31.163 26.965
30.636 27.848
31.205 27.085
29.674 24.421
27.027 28.472
24.371 21.625
23.304 27.631
19.981 21.944
17.888 23.846
29.805 27.763
27.317 22.617
24.886 28.12
30.909 25.96
32.022 26.082
26.905 28.475
22.528 21.802
32.18 26.987
31.677 25.651
24.442 27.722
18.515 24.317
29.755 24.632
25.299 22.002
18.523 23.834
30.502 24.704
31.601 26.539
30.96 25.554
30.434 26.811
25.764 22.773
32.245 27.385
19.758 24.93
20.599 26.217
31.435 25.52
23.687 27.226
27.303 22.492
27.41 23.153
20.577 25.687
20.981 26.114
18.766 22.295
23.144 21.424
22.626 27.358
20.734 25.639
27.057 22.555
28.979 28.279
26.633 28.096
30.432 28.479
19.411 21.89
27.852 22.806
25.309 27.499
25.591 27.588
20.846 25.996
30.519 28.148
19.736 24.734
28.129 23.622
18.857 25.09
28.451 28.215
17.751 23.46
27.408 28.052
28.079 28.259
31.796 28.009
28.149 28.549
18.219 22.848
19.505 25.087
19.355 22.698
31.02 24.937
24.023 21.785
20.254 25.384
31.951 25.648
29.331 27.935
17.919 23.959
21.673 21.447
30.909 28.264
19.839 25.207
19.22 24.097
29.884 27.477
18.422 23.092
17.994 22.723
26.93 27.974
26.646 22.663
18.57 22.261
28.545 28.368
21.027 21.808
21.607 26.259
21.725 26.327
18.726 22.921
31.805 27.044
30.192 27.447
21.56 21.967
19.323 24.926
27.869 28.676
25.76 27.588
19.754 22.136
21.595 21.927
31.501 25.917
25.922 28.234
28.371 23.796
28.01 28.512
19.588 22.632
30.005 24.023
29.41 24.588
18.418 24.236
30.126 28.612
23.533 26.946
28.609 23.697
24.969 21.987
22.882 27.039
30.824 24.404
18.3 23.305
29.064 23.616
22.531 26.941
30.932 27.382
20.711 25.921
17.897 23.051
27.723 28.618
23.483 27.202
21.89 21.878
28.857 23.702
25.171 22.403
19.888 25.447
30.763 28.28
31.374 25.184
22.045 27.06
24.182 21.877
19.24 24.121
28.788 23.243
31.148 27.867
27.539 22.822
29.785 24.776
25.095 22.513
23.277 21.563
25.209 27.53
32.098 26.692
29.674 23.769
30.845 26.188
26.401 22.542
25.155 27.582
23.819 27.429
30.283 25.336
27.282 27.768
30.758 26.958
19.61 22.753
31.003 25.992
30.258 28.179
31.248 27.519
17.826 22.715
27.449 28.406
27.642 28.421
24.939 22.275
23.845 27.144
31.189 24.948
20.483 21.946
31.113 27.813
23.999 27.11
25.301 27.675
24.32 27.642
19.637 25.526
28.568 23.476
26.661 27.812
23.625 21.951
18.482 24.753
21.34 22.044
27.7 28.228
18.155 22.152
19.375 24.457
30.968 26.791
21.25 26.403
30.625 28.184
21.042 22.101
17.785 23.485
29.051 28.447
28.916 24.142
26.687 22.486
19.028 22.692
18.39 23.948
21.912 22.201
23.697 27.851
31.379 28.028
31.827 25.406
19.151 24.245
21.098 25.963
20.569 21.49
30.783 27.409
28.522 28.104
26.062 22.718
27.391 23.356
23.884 27.087
30.117 24.97
18.893 24.951
20.129 21.622
19.603 22.562
31.113 26.616
23.469 26.998
26.143 27.974
30.11 25.24
