24.985 26.715
27.449 27.589
28.476 25.324
24.987 27.115
28.252 26.821
23.566 24.586
24.829 26.064
27.222 25.341
25.71 22.918
26.579 23.621
26.818 27.427
23.443 25.515
23.122 24.047
23.403 23.878
24.729 23.016
30.278 26.064
26.001 26.385
26.302 26.03
27.379 26.738
23.82 23.535
22.512 25.581
21.698 25.096
21.657 23.877
25.899 24.876
25.134 25.547
22.406 24.421
24.724 26.819
22.494 24.709
22.682 23.346
21.775 24.508
23.856 25.022
26.341 25.17
27.965 25.597
24.596 23.753
27.623 26.315
27.625 25.586
21.065 23.491
25.46 25.451
22.774 24.764
26.476 24.687
24.505 25.501
26.162 25.746
23.594 23.015
26.046 25.635
26.515 26.705
24.5 26.686
26.271 26.706
23.281 24.722
28.465 25.341
26.298 24.003
28.371 24.436
28.185 26.157
26.181 25.349
27.617 26.696
27.003 27.061
27.721 24.428
26.198 24.832
21.524 23.846
28.361 25.578
22.999 23.086
27.672 26.95
21.378 23.698
25.008 24.924
21.835 24.561
21.085 25.112
26.127 26.323
24.432 24.054
24.131 25.241
25.73 25.982
28.373 24.738
22.904 23.059
23.094 23.353
25.447 25.157
25.254 24.264
26.857 26.187
27.141 26.528
24.728 26.265
26.592 24.394
25.831 24.51
25.119 24.72
24.136 25.3
21.294 23.074
24.931 24.496
24.691 23.966
27.593 27.172
22.474 24.776
22.999 25.483
28.475 26.466
24.074 22.579
29.213 25.729
27.276 25.782
25.655 25.04
23.014 23.312
24.949 23.84
27.068 26.033
22.797 26.129
25.199 23.359
27.48 25.089
27.731 26.346
26.817 25.149
26.92 26.245
29.086 24.675
24.672 25.183
24.307 24.734
20.959 24.35
23.223 24.881
24.063 26.438
22.91 22.837
23.551 24.622
28.855 26.431
25.541 27.407
25.246 25.281
27.439 26.42
24.324 26.319
22.826 23.367
25.24 24.891
27.196 24.45
23.788 25.038
22.808 26.336
20.888 22.442
23.086 23.523
28.139 26.76
21.023 23.013
22.838 23.12
26.977 25.617
20.948 23.653
27.931 26.833
22.695 23.945
25.833 26.416
21.18 24.101
30.425 26.387
26.091 24.419
25.835 24.576
22.962 24.999
23.218 24.191
22.203 23.464
20.134 23.075
21.784 26.055
20.246 23.558
24.999 25.172
20.949 23.399
20.78 22.446
26.612 25.569
25.142 26.129
25.641 24.991
25.656 24.576
23.303 25.876
23.132 25.189
23.662 25.053
23.404 24.021
25.416 27.353
27.019 26.379
26.855 24.32
25.883 26.99
26.764 23.556
26.885 25.301
22.475 26.396
27.746 26.884
28.006 26.732
24.069 25.74
27.526 26.661
23.555 25.574
20.372 23.78
22.599 24.837
27.908 26.818
25.863 25.21
26.914 27.093
29.065 26.284
24.298 24.045
29.009 24.872
25.259 24.495
23.383 24.456
20.007 24.232
26.352 25.579
21.272 24.466
28.746 26.232
26.046 24.361
23.577 25.875
25.41 23.913
25.769 25.65
22.014 23.349
29.676 26.157
25.426 23.574
22.901 26.501
25.117 23.819
28.514 25.518
24.87 26.363
26.237 25.152
29.847 26.956
25.625 27.18
30.284 26.764
27.733 23.629
27.236 27.521
24.134 25.933
20.605 24.347
23.023 25.695
21.445 25.593
25.369 25.334
22.147 24.131
24.609 24.664
27.293 27.214
25.165 26.22
25.04 27.021
27.26 25.036
26.631 26.209
26.223 24.165
26.786 26.586
29.119 24.595
24.159 24.28
23.271 23.261
21.63 24.17
21.264 24.226
21.07 24.94
25.525 25.117
24.206 25.095
23.923 26.801
21.323 23.677
25.336 26.889
22.512 24.746
28.839 25.218
26.602 25.189
24.341 26.196
23.671 23.465
26.206 25.775
22.443 25.538
22.302 24.412
24.827 23.282
25.685 23.122
22.726 23.875
23.18 24.38
26.004 25.867
24.169 26.57
29.219 24.77
24.53 26.001
24.245 23.445
24.613 23.917
27.222 25.559
28.165 27.663
26.048 25.033
24.468 25.656
27.936 27.403
22.846 24.101
27.772 25.48
28.016 24.252
24.31 25.604
26.251 26.882
25.563 26.363
26.719 24.731
27.183 24.542
21.677 23.254
23.41 25.787
22.684 22.434
24.582 25.716
25.876 25.471
25.138 26.565
24.105 24.476
24.408 26.273
28.587 27.382
25.741 26.589
22.436 23.497
23.449 23.419
22.652 23.11
26.567 24.991
25.732 24.772
23.933 25.511
23.548 23.623
24.203 25.723
29.455 25.869
25.271 25.272
20.486 22.507
24.956 24.279
27.219 26.328
26.195 25.192
25.294 25.781
24.418 25.18
23.245 22.748
25.935 26.253
24.952 26.727
22.964 25.692
24.922 24.007
26.373 25.091
25.47 24.746
28.836 27.084
25.502 26.217
25.888 24.748
24.45 24.306
22.819 24.716
30.035 25.315
28.745 25.499
24.885 25.237
27.807 26.576
25.302 24.985
25.964 24.251
27.106 25.039
26.629 24.592
24.576 26.477
25.073 25.979
24.794 26.078
24.008 23.547
24.042 24.533
25.78 26.993
29.593 26.164
24.328 23.876
25.237 23.975
29.855 26.267
23.571 23.002
29.144 25.993
19.773 24.307
24.63 26.929
26.598 25.607
23.842 24.683
22.081 24.045
23.295 25.727
25.757 23.849
24.264 25.727
22.79 25.124
26.973 25.597
28.605 25.177
29.837 25.628
27.575 27.323
24.04 26.226
24.839 23.324
23.104 25.8
27.059 25.526
28.101 26.831
26.013 26.964
23.316 25.583
25.076 24.57
23.927 23.441
25.348 26.003
28.026 25.759
28.387 26.83
23.48 26.526
24.218 24.95
24.094 26.521
26.648 26.912
27.203 26.069
26.682 23.649
24.194 24.161
22.427 22.26
21.653 23.966
23.557 24.474
22.787 24.751
22.89 23.371
26.185 25.05
22.02 24.154
21.565 22.32
25.003 24.77
24.12 24.98
24.964 26.532
26.161 25.949
23.316 24.087
26.173 24.419
23.324 24.256
25.086 26.548
28.23 26.019
24.862 24.475
26.44 24.894
23.876 23.404
21.217 23.152
23.104 24.943
25.665 25.489
28.913 26.77
27.918 27.296
20.22 24.358
23.737 24.975
24.94 24.551
21.291 24.225
19.549 23.308
22.708 23.975
29.553 27.395
21.263 23.017
23.506 25.574
21.907 23.947
24.458 25.826
23.044 26.209
25.759 24.248
24.278 25.268
24.334 24.71
29.799 25.483
24.586 24.223
22.831 25.012
20.029 23.411
28.152 24.513
27.468 27.204
26.353 25.802
24.673 24.775
29.927 26.454
20.179 23.819
23.367 23.252
26.375 25.554
28.54 27.658
26.798 25.758
24.278 24.236
25.884 25.477
23.854 26.108
22.602 25.868
29.715 26.483
27.731 26.464
22.226 24.705
28.764 24.851
25.826 24.737
24.386 23.957
23.166 25.974
27.478 27.224
22.568 23.953
25.515 25.594
20.151 24.327
26.575 25.129
21.131 25.714
26.155 23.891
27.263 25.692
28.067 27.339
25.056 24.662
23.557 23.952
25.787 27.193
28.398 26.202
23.184 23.041
28.405 25.888
24.306 24.611
22.091 25.156
27.99 23.948
23.668 26.743
28.797 25.74
23.061 23.349
21.544 23.647
22.369 24.866
28.781 26.48
23.884 23.608
20.84 22.578
24.257 25.898
29.281 27.245
24.079 23.053
23.332 25.509
27.54 27.052
27.539 24.763
24.87 23.273
19.701 23.601
22.967 23.931
28.284 25.18
27.232 26.681
25.072 25.675
24.752 25.03
28.104 25.332
27.618 26.024
20.304 22.786
27.854 25.649
25.86 23.969
25.524 25.096
25.881 23.093
29.181 25.004
24.378 25.69
23.314 23.929
25.037 24.516
25.966 27.229
28.95 24.964
22.213 26.342
23.238 25.135
27.289 24.91
24.061 24.299
28.515 24.243
25.862 26.207
26.551 25.376
25.037 23.786
22.06 25.529
23.608 25.765
23.332 25.307
24.016 26.005
25.67 26.162
24.247 24.889
27.404 25.662
24.298 25.078
22.719 22.443
28.019 25.015
28.159 25.326
25.521 25.424
29.193 27.272
26.223 27.488
22.846 24.527
27.011 25.217
27.867 26
26.624 23.198
23.744 26.298
23.299 23.089
20.969 24.522
23.752 25.064
23.4 25.33
19.497 23.738
22.5 23.583
26.458 25.403
28.476 25.656
22.107 22.752
25.866 23.626
23.309 26.36
19.821 24.406
25.423 24.636
29.743 27.052
22.968 22.604
28.414 25.832
24.278 23.952
24.852 25.072
27.958 25.78
23.399 24.754
26.404 25.004
21.529 23.976
22.3 24.025
22.891 24.074
26.497 26.195
19.753 23.759
24.122 24.492
25.232 25.697
23.006 24.636
20.522 24.113
26.357 24.581
26.315 24.388
27.786 24.197
29.704 26.633
24.039 23.415
29.344 25.783
26.21 26.374
27.031 26.029
25.447 24.174
24.406 25.489
21.328 24.185
29.107 26.884
27.76 25.098
22.874 23.81
22.915 24.749
28.7 27.562
23.313 24.266
19.912 23.558
23.875 23.555
23.706 26.659
26.544 25.401
27.311 24.331
25.803 24.044
29.463 24.707
24.728 23.961
20.498 23.439
23.292 22.979
29.077 26.144
27.719 26.521
27.916 25.311
23.436 23.739
28.002 27.069
20.242 23.087
24.066 24.419
27.394 25.2
24.214 24.652
24.769 26.119
25.723 26.231
25.515 23.911
30.131 25.565
25.615 25.992
21.734 25.664
23.954 24.59
27.877 27.595
24.257 25.583
25.334 26.209
24.479 24.7
29.081 26.976
29.474 24.85
26.113 27.595
25.138 22.861
27.179 25.65
24.97 25.018
21.198 25.129
24.184 24.195
26.625 25.742
23.675 24.056
29.695 27.179
24.777 24.993
26.016 24.295
25.639 24.289
21.708 22.652
28.456 27.238
24.956 23.879
24.669 23.172
23.601 24.671
22.657 24.645
24.532 25.087
27.796 25.384
26.336 25.669
26.078 24.738
23.417 26.383
24.137 23.989
27.496 23.775
25.803 24.747
26.981 24.713
23.19 23.337
25.046 23.537
23.837 25.997
28.071 25.01
23.167 25.123
24.945 27.093
28.838 25.959
25.449 25.859
24.575 24.543
23.613 23.906
28.159 24.073
25.597 26.044
28.245 25.621
23.123 23.466
22.933 24.587
24.884 26.561
22.594 24.582
23.439 23.721
29.998 26.933
24.328 22.712
24.387 25.345
21.145 23.737
20.499 22.75
28.051 26.035
21.105 25.003
25.198 23.619
20.802 22.891
27.411 25.73
24.185 25.981
27.775 27.417
25.577 23.823
25.73 26.377
25.118 27.156
25.578 24.704
23.971 23.833
26.029 25.407
25.552 24.577
20.381 23.588
22.351 24.617
21.134 24.482
23.296 25.728
21.486 22.931
21.841 24.047
25.987 25.97
26.051 25
25.412 24.08
29.06 26.852
26.001 25.922
25.994 25.398
25.808 26.054
24.605 24.697
27.649 24.877
24.641 26.847
23.822 24.21
23.083 23.489
26.547 24.965
20.922 22.739
28.36 24.865
23.471 25.172
27.177 25.082
24.579 24.292
24.934 24.439
21.218 24.479
26.861 26.309
21.069 22.778
21.885 23.689
27.484 24.729
28.176 24.904
24.229 24.85
23.988 23.216
28.047 25.134
26.441 25.412
25.465 24.533
23.799 24.602
25.016 24.327
21.889 24.93
25.525 23.965
22.09 24.111
21.67 24.171
22.079 23.14
25.3 25.611
27.736 27.261
20.828 23.029
25.118 23.651
26.269 24.437
27.965 24.406
29.756 25.24
25.883 24.68
23.411 24.652
22.771 25.302
29.353 25.564
30.06 26.679
25.417 25.845
21.981 25.415
20.615 24.946
24.481 25.737
26.136 23.963
26.318 23.965
25.014 25.703
25.354 25.309
30.327 26.392
22.53 22.968
22.241 23.407
21.296 22.404
25.151 24.316
25.425 26.478
23.56 24.445
24.858 26.012
25.279 27.147
24.991 24.186
24.246 24.257
23.059 24.099
26.524 24.478
25.858 23.283
29.237 26.415
27.145 26.214
25.431 24.466
20.771 23.854
25.548 23.016
23.518 25.023
28.54 27.325
24.33 24.625
27.19 25.376
21.444 23.854
26.794 27.699
24.572 24.938
24.477 25.555
20.034 24.605
22.562 24.651
20.148 24.023
25.778 25.794
27.322 26.864
28.19 26.971
19.891 23.15
23.099 24.493
25.173 24.21
24.346 26.103
22.468 25.582
26.796 24.868
21.242 25.561
23.814 22.894
25.489 25.324
25.216 26.622
21.642 24.849
22.831 26.578
22.023 24.201
22.699 23.875
29.068 25.69
23.031 25.207
21.571 22.589
22.583 23.865
27.699 27.533
27.67 25.925
30.042 26.131
24.687 24.699
24.121 25.479
21.77 24.503
26.051 25.325
28.143 26.802
23.473 24.96
27.696 26.652
27.756 24.228
23.672 23.357
22.226 23.769
21.535 25.449
26.225 26.198
27.355 25.232
25.96 25.543
23.661 25.938
27.249 25.759
23.819 23.977
21.449 22.805
25.64 25.154
22.385 26.4
26.363 25.274
22.419 22.476
24.99 26.044
26.139 27.317
19.954 22.77
21.429 23.187
24.44 25.506
26.657 26.146
28.113 24.004
28.912 25.022
30.249 26.877
26.259 24.308
24.532 26.033
28.402 26.451
22.849 23.908
23.746 26.423
28.146 24.442
25.53 26.731
25.917 24.38
30.164 26.139
21.145 24.776
28.255 26.898
24.151 23.962
25.698 24.923
23.1 22.943
25.798 25.186
23.405 23.746
27.959 24.796
24.095 27.042
29.005 27.468
23.163 25.466
25.747 26.141
24.167 25.478
26.977 26.114
27.114 26.791
23.376 25.818
25.424 25.436
28.843 25.998
24.749 25.485
22.992 23.008
27.678 25.771
29.092 24.609
22.642 24.161
25.595 26.083
20.554 24
27.38 26.509
26.024 27.437
25.701 24.676
28.662 24.343
25.342 25.921
21.969 23.989
24.06 24.596
27.618 26.117
23.719 22.355
22.703 23.31
21.859 25.354
28.569 26.595
28.186 24.396
26.475 25.926
19.912 23.39
21.735 24.65
21.161 24.91
27.865 27.254
22.672 24.68
22.485 25.373
20.296 24.544
28.801 25.969
27.107 24.83
23.694 23.921
24.228 24.022
20.862 24.072
22.056 23.116
30.384 26.043
24.054 22.928
25.553 27.172
24.394 22.982
27.704 27.165
27.301 25.179
22.302 23.724
27.544 27.126
26.125 25.378
26.202 25.576
29.406 25.672
23.95 25.195
24.339 24.792
21.903 23.057
25.948 23.108
28.595 26.314
29.03 25.118
29.062 25.095
26.817 24.49
24.66 26.158
20.863 23.177
20.852 24.11
22.707 24.508
30.162 26.845
25.033 24.617
25.393 24.149
23.483 24.201
28.106 25.009
29.464 27.039
25.872 25.796
24.826 25.713
29.228 24.971
26.453 24.358
26.413 26.458
20.566 24.16
23.273 24.55
26.434 23.47
26.467 26.458
26.63 24.568
24.659 25.899
26.479 24.37
29.898 26.539
20.165 24.344
20.374 23.796
26.487 25.671
27.824 27.083
21.797 24.523
22.747 25.403
29.435 26.731
25.935 25.08
25.807 23.863
23.693 23.224
22.729 24.954
27.724 26.62
22.989 24.511
22.94 25.133
25.173 25.444
22.565 25.377
27.056 26.684
28.079 25.157
21.125 23.713
27.532 25.258
25.942 24.955
25.14 24.951
23.358 23.516
24.532 24.426
27.264 26.602
22.186 25.468
22.852 26.263
27.75 26.908
29.156 26.175
25.092 26.403
26.253 25.131
27.073 23.308
25.601 24.666
27.243 26.583
25.198 24.777
23.764 25.449
21.978 23.89
23.541 24.391
24.651 24.227
29.456 25.595
23.935 24.694
22.314 24.485
26.746 23.48
25.798 25.604
24.057 25.323
22.429 25.748
25.196 24.732
25.558 26.427
28.4 25.61
23.485 25.146
27.937 25.358
23.513 25.18
24.705 24.286
27.513 25.48
21.825 24.752
28.615 26.153
24.526 26.292
23.606 23.004
22.966 25.86
24.609 24.902
22.129 25.264
28.095 25.221
22.501 23.105
20.928 24.481
23.369 25.003
24.142 26.166
23.826 24.439
22.858 24.628
25.963 25.931
24.926 24.283
23.174 23.381
29.276 26.82
21.871 24.448
23.627 26.292
24.878 24.441
23.716 25.616
22.654 24.877
27.589 26.876
27.192 23.91
27.097 27.462
22.013 24.097
27.055 25.663
27.472 26.512
27.469 27.012
24.043 25.218
26.263 25.917
27.187 27.021
21.321 24.453
27.435 26.228
23.051 23.662
21.899 24.691
25.071 25.302
23.424 24.266
26.633 23.526
29.087 26.071
25.696 26.609
26.294 24.949
25.412 25.933
23.559 23.41
26.16 26.997
22.539 24.973
30.085 25.835
28.487 26.115
22.587 24.417
28.912 27.119
24.503 25.077
22.644 24.822
23.978 24.202
26.861 26.35
30.084 26.65
27.331 25.532
25.361 26.595
25.134 24.891
26.293 25.151
21.726 25.356
24.6 23.694
25.862 25.454
20.646 24.3
25.852 26.697
24.865 26.583
27.216 25.646
30.439 26.005
27.208 24.985
