  -6.9600000e-01  -2.6386754e-01
  -8.4000000e-01  -2.6376647e-01
  -7.0400000e-01  -6.0465471e-01
  -9.5200000e-01  -3.5580106e-01
  -1.0000000e+00  -2.5850033e-01
  -7.2800000e-01  -4.2728796e-01
  -5.9200000e-01  -8.2293525e-01
  -6.8000000e-01  -5.3220575e-01
  -6.7200000e-01  -5.6033495e-01
  -2.4800000e-01  -8.4492002e-01
  -5.3600000e-01  -9.5263806e-01
  -8.8000000e-01  -8.5371629e-02
  -7.3600000e-01  -4.6232560e-01
  -2.6400000e-01  -9.9002912e-01
  -3.1200000e-01  -1.3411129e+00
  -4.5600000e-01  -1.0093429e+00
  -5.5200000e-01  -9.4013837e-01
  -7.9200000e-01  -5.4067040e-01
  -2.0800000e-01  -1.4315672e-01
  -9.8400000e-01  -5.3267206e-01
  -9.6000000e-01  -1.4322231e-01
  -7.2000000e-01  -4.8727581e-01
  -6.2400000e-01  -6.1639847e-01
  -2.0000000e-01   9.3628275e-02
  -3.6800000e-01  -1.0465018e+00
  -4.4800000e-01  -1.1170020e+00
  -3.2800000e-01  -1.4982917e+00
  -8.0800000e-01  -1.9927120e-01
  -8.3200000e-01  -4.0767308e-01
  -4.8800000e-01  -9.3346503e-01
  -7.8400000e-01  -2.5529700e-01
  -9.2800000e-01  -2.8057839e-01
  -5.2000000e-01  -7.9154900e-01
  -7.6800000e-01  -4.1474328e-01
  -9.3600000e-01  -3.5354530e-01
  -4.3200000e-01  -1.0931629e+00
  -2.3200000e-01  -5.4716112e-01
  -5.7600000e-01  -6.1985087e-01
  -4.0800000e-01  -1.2209671e+00
  -7.1200000e-01  -3.7905886e-01
  -6.5600000e-01  -5.5924330e-01
  -2.2400000e-01  -5.3796387e-01
  -3.9200000e-01  -1.1880431e+00
  -8.8800000e-01  -3.0045890e-01
  -4.4000000e-01  -1.0156618e+00
  -2.4000000e-01  -8.0443671e-01
  -9.6800000e-01  -3.2116644e-01
  -4.1600000e-01  -1.1076571e+00
  -3.2000000e-01  -1.3394053e+00
  -8.1600000e-01  -3.4158679e-01
  -2.7200000e-01  -1.2116361e+00
  -5.4400000e-01  -8.6551394e-01
  -3.5200000e-01  -1.3307060e+00
  -8.4800000e-01  -1.5788897e-01
  -3.3600000e-01  -1.1936901e+00
  -5.2800000e-01  -6.4846042e-01
  -3.4400000e-01  -1.3334798e+00
  -4.0000000e-01  -1.2579950e+00
  -9.2000000e-01  -3.8611933e-01
  -4.9600000e-01  -8.0702974e-01
  -6.3200000e-01  -5.0977453e-01
  -8.7200000e-01  -4.7593031e-01
  -5.0400000e-01  -8.2344289e-01
  -2.9600000e-01  -1.1739922e+00
  -8.5600000e-01  -1.3163610e-01
  -4.7200000e-01  -8.7410733e-01
  -8.6400000e-01  -3.1344341e-01
  -6.8800000e-01  -3.8065398e-01
  -2.8800000e-01  -1.3071153e+00
  -2.8000000e-01  -1.1474375e+00
  -6.0000000e-01  -8.1413898e-01
  -2.5600000e-01  -9.1239962e-01
  -3.0400000e-01  -1.2755979e+00
  -5.8400000e-01  -7.0562078e-01
  -3.7600000e-01  -1.3774390e+00
  -6.4800000e-01  -5.7706032e-01
  -9.7600000e-01  -3.2597806e-01
  -4.8000000e-01  -8.7293634e-01
  -9.0400000e-01  -3.0316703e-01
  -3.8400000e-01  -1.2359661e+00
  -7.6000000e-01  -3.0413086e-01
  -4.2400000e-01  -1.2433078e+00
  -9.4400000e-01  -1.9190151e-01
  -5.6800000e-01  -9.8655526e-01
  -7.5200000e-01  -3.7917908e-01
  -7.4400000e-01  -4.9382467e-01
  -7.7600000e-01  -5.0274804e-01
  -5.6000000e-01  -5.8966301e-01
  -8.2400000e-01  -3.5444606e-01
  -6.4000000e-01  -6.1761435e-01
  -8.0000000e-01  -4.5491236e-01
  -6.6400000e-01  -6.5583239e-01
  -4.6400000e-01  -1.0005437e+00
  -3.6000000e-01  -1.4368467e+00
  -9.9200000e-01  -2.8233555e-01
  -6.1600000e-01  -7.4049085e-01
  -8.9600000e-01  -4.0512658e-01
  -2.1600000e-01  -1.4983685e-01
  -9.1200000e-01  -2.3480162e-01
  -5.1200000e-01  -9.7615757e-01
