   9.3500000e-01   5.0000000e-01  -6.6653584e+00
   2.8000000e-01  -3.3000000e+00  -1.3369343e+01
  -1.7000000e-01   6.3333333e-01   3.6293724e-01
   3.2000000e-01  -2.9333333e+00  -1.2903498e+01
   2.4500000e-01  -2.0000000e-01  -3.2783537e+00
   9.2500000e-01   3.6666667e+00  -4.3239012e+01
   8.4500000e-01   4.0666667e+00  -4.5872955e+01
   8.5500000e-01  -4.3000000e+00  -5.1767341e+01
  -2.3500000e-01   2.5333333e+00   1.6419126e+00
   3.4500000e-01   4.0000000e-01  -4.6750940e+00
   7.9000000e-01   1.4666667e+00  -6.4758594e+00
  -2.0500000e-01  -3.6666667e+00   6.6790364e+00
   8.5000000e-02   1.1333333e+00   3.9221287e+00
   9.0000000e-01   4.9000000e+00  -7.0449653e+01
  -2.5500000e-01   3.6000000e+00   6.3330860e+00
   8.7000000e-01   1.1333333e+00  -8.2133552e+00
   6.5500000e-01   6.0000000e-01   3.2018053e+00
  -2.5500000e-01  -3.6666667e-01  -3.4784640e+00
   6.0000000e-02   3.9000000e+00   2.3637576e+00
  -2.6000000e-01   1.3333333e-01  -3.7177440e+00
   4.5500000e-01  -2.3666667e+00  -8.6401149e+00
   1.1000000e-01  -1.3333333e-01   3.1783173e+00
   8.5000000e-01  -4.1000000e+00  -4.7014649e+01
  -3.5000000e-02   3.4666667e+00   6.9501643e+00
  -3.7500000e-01  -3.0333333e+00   6.3718742e+00
  -3.2000000e-01  -2.4333333e+00   1.0344385e+00
   3.5500000e-01   1.7666667e+00  -7.6965888e+00
   6.8500000e-01  -1.5000000e+00  -1.3968322e+00
   4.4000000e-01  -1.6666667e+00  -5.3281666e+00
  -2.5000000e-02  -2.2333333e+00   6.2142728e+00
   1.2000000e-01  -3.8000000e+00  -2.4861307e+00
   1.2500000e-01   1.8000000e+00   1.2537451e+00
   3.1000000e-01   1.1000000e+00  -5.7363690e+00
  -2.3000000e-01  -2.4333333e+00   1.3999881e+00
  -7.5000000e-02   4.6333333e+00   9.4495091e+00
   5.0000000e-03   4.2333333e+00   5.7247596e+00
   2.2000000e-01   9.6666667e-01  -2.8834949e+00
   7.7500000e-01  -3.3666667e+00  -2.6971401e+01
   8.9000000e-01   6.6666667e-02  -5.4255012e+00
   1.5500000e-01   4.3000000e+00  -7.6584772e+00
   6.2500000e-01   1.5333333e+00  -2.3619686e-01
   4.0000000e-02   3.2333333e+00   4.3395873e+00
   5.5500000e-01  -3.0333333e+00  -1.2187412e+01
   1.1500000e-01  -3.0000000e+00  -1.5405822e-01
   7.9500000e-01   1.9666667e+00  -1.0854004e+01
  -2.0000000e-02   1.1333333e+00   5.9746005e+00
  -6.5000000e-02   4.0000000e-01   4.9821513e+00
   3.8500000e-01   3.2666667e+00  -1.6023951e+01
   8.8500000e-01   3.8333333e+00  -4.4305538e+01
   5.4500000e-01  -2.1333333e+00  -4.6235253e+00
  -7.0000000e-02   4.7666667e+00   9.5614884e+00
  -1.3500000e-01   1.9000000e+00   3.4314726e+00
   1.8500000e-01   1.0000000e-01  -6.1581223e-01
   9.0000000e-02  -3.3333333e-01   4.0217538e+00
  -1.0500000e-01  -4.6666667e-01   3.4800043e+00
   7.0000000e-01   2.2000000e+00  -7.4194714e+00
   4.4000000e-01   2.7333333e+00  -1.1523367e+01
   2.9500000e-01  -2.8666667e+00  -1.1743404e+01
   7.5000000e-01  -8.6666667e-01  -1.0682331e+00
   8.4000000e-01  -2.2666667e+00  -1.6689824e+01
   5.1000000e-01   9.3333333e-01   1.4831896e-01
   5.7000000e-01  -2.7000000e+00  -8.9304761e+00
  -1.2000000e-01   4.6666667e-01   2.7906196e+00
   8.2500000e-01   2.6666667e+00  -2.0681205e+01
   4.8500000e-01   2.3000000e+00  -7.3194929e+00
  -3.0000000e-02   3.3333333e-01   5.7803873e+00
  -1.5500000e-01   3.3000000e+00   6.0030446e+00
   1.3500000e-01   2.1333333e+00   1.2631204e-01
   3.3500000e-01   2.0000000e-01  -4.6395130e+00
  -6.5000000e-02  -9.6666667e-01   5.1331679e+00
   1.5000000e-02   3.5000000e+00   5.3910307e+00
   8.3500000e-01   3.4333333e+00  -3.3056871e+01
   6.5000000e-01  -1.0000000e+00   2.0331072e+00
   6.6000000e-01   2.6666667e-01   3.6827671e+00
   8.7000000e-01   2.6000000e+00  -2.2504555e+01
   1.4500000e-01  -3.6666667e+00  -4.3902594e+00
   2.7500000e-01   1.6666667e+00  -6.4070361e+00
   9.9500000e-01  -1.3666667e+00  -1.0647766e+01
   3.6000000e-01  -2.6666667e-01  -4.3638242e+00
   6.9500000e-01   4.7333333e+00  -4.3798374e+01
   7.3500000e-01   1.7333333e+00  -5.3002123e+00
   4.0000000e-02  -2.1666667e+00   5.0307873e+00
   9.0000000e-01  -4.6666667e-01  -6.2106527e+00
   7.0000000e-02  -3.3333333e-02   4.7898251e+00
   6.1500000e-01   3.6666667e+00  -2.0642543e+01
   1.3000000e-01  -1.7666667e+00   1.0037260e+00
   4.7000000e-01   9.0000000e-01  -1.4515233e+00
   8.8000000e-01   3.6000000e+00  -3.9373215e+01
   8.1500000e-01   8.6666667e-01  -4.4488648e+00
   1.5000000e-02  -9.0000000e-01   5.9058307e+00
   7.9000000e-01   6.3333333e-01  -2.3283594e+00
   2.0000000e-01   1.1666667e+00  -2.1674727e+00
  -1.2000000e-01  -5.0000000e-01   2.8022196e+00
   5.0500000e-01  -3.3000000e+00  -1.5231041e+01
   3.5500000e-01   6.3333333e-01  -4.7997888e+00
  -1.0000000e-02   3.3333333e+00   6.3076542e+00
   4.1500000e-01   3.9000000e+00  -2.1625284e+01
   3.3000000e-01   3.0333333e+00  -1.3735268e+01
   3.4500000e-01   3.4666667e+00  -1.6947894e+01
   3.5000000e-01   3.5000000e+00  -1.7309338e+01
   6.6500000e-01  -3.0333333e+00  -1.4629837e+01
   6.8500000e-01   1.4666667e+00  -1.1936156e+00
   4.6000000e-01   1.4333333e+00  -3.6025569e+00
   4.2500000e-01   3.7666667e+00  -2.0383382e+01
   9.1000000e-01   2.8666667e+00  -2.8218077e+01
   5.1000000e-01   2.1333333e+00  -5.4820810e+00
   6.4000000e-01   4.1333333e+00  -2.8707030e+01
   7.0500000e-01   2.4000000e+00  -9.6172698e+00
   4.0000000e-02   0.0000000e+00   5.5941206e+00
   9.2500000e-01  -3.0000000e+00  -3.0905678e+01
   7.2000000e-01  -5.0000000e-01   1.4371367e+00
   2.4500000e-01   5.6666667e-01  -3.4849704e+00
   5.3000000e-01  -4.3000000e+00  -2.7114616e+01
   4.9500000e-01   3.7666667e+00  -2.0240731e+01
   6.7000000e-01   1.3000000e+00   2.2096087e-01
   5.5000000e-01   4.9666667e+00  -3.7722493e+01
   2.6000000e-01   5.0000000e-01  -3.9242611e+00
   6.0500000e-01  -5.0000000e-01   3.6505391e+00
  -7.5000000e-02  -2.1666667e+00   5.6755091e+00
   4.4500000e-01   1.7000000e+00  -5.3003899e+00
   3.1000000e-01   2.1666667e+00  -8.9769023e+00
   8.1500000e-01  -5.0000000e-01  -3.2236481e+00
   5.2000000e-01   1.4333333e+00  -1.3106480e+00
   2.8500000e-01   3.6333333e+00  -1.5603495e+01
   8.6500000e-01   4.4666667e+00  -5.6469992e+01
   1.4500000e-01   4.1666667e+00  -6.0940094e+00
   4.8500000e-01   3.8666667e+00  -2.1376410e+01
   1.5500000e-01   2.6666667e+00  -2.3672939e+00
   3.0500000e-01   4.0666667e+00  -1.9708577e+01
  -2.5500000e-01   1.3000000e+00  -2.2884640e+00
  -3.7500000e-01   2.7666667e+00   4.6318742e+00
   6.7500000e-01   5.6666667e-01   2.8480063e+00
   3.1500000e-01   5.6666667e-01  -4.9367647e+00
   2.7000000e-01   2.4000000e+00  -8.6632550e+00
   9.8500000e-01   4.0333333e+00  -5.3418229e+01
   9.2000000e-01   2.5000000e+00  -2.3144436e+01
   3.8000000e-01  -1.6666667e-01  -3.8684180e+00
   8.3000000e-01   2.6333333e+00  -2.0574594e+01
   4.4500000e-01   2.8333333e+00  -1.2159323e+01
   7.3500000e-01   3.1333333e+00  -2.0323612e+01
   8.2500000e-01   4.6333333e+00  -5.6213955e+01
   3.9500000e-01  -3.0000000e-01  -3.5017890e+00
   7.7000000e-01   4.4333333e+00  -4.5768375e+01
   6.4000000e-01   4.5666667e+00  -3.5945430e+01
   1.5000000e-02   1.5000000e+00   5.8410307e+00
   7.0000000e-02   3.8666667e+00   1.6503251e+00
   3.5000000e-01   8.0000000e-01  -5.1188379e+00
   3.1500000e-01   1.1000000e+00  -5.7767647e+00
  -3.7500000e-01   5.6666667e-01  -3.6181258e+00
   5.2500000e-01   1.4333333e+00  -1.1432243e+00
   4.0500000e-01   4.9000000e+00  -3.2229386e+01
   8.0000000e-01  -2.6666667e-01  -2.0499257e+00
   9.3000000e-01   7.3333333e-01  -7.4543350e+00
   5.5000000e-01   7.6666667e-01   2.0095068e+00
   8.1500000e-01   4.9333333e+00  -6.2118265e+01
   7.8500000e-01   2.4666667e+00  -1.5453873e+01
   5.7500000e-01   1.7666667e+00  -1.7341804e+00
   6.0000000e-02   1.2000000e+00   4.8423576e+00
   5.1000000e-01   1.2333333e+00  -8.4618104e-01
   7.1500000e-01   3.9000000e+00  -3.0444479e+01
   9.8500000e-01   2.2333333e+00  -2.0085829e+01
   2.9500000e-01  -3.6666667e+00  -1.6369004e+01
   9.6000000e-01  -4.1000000e+00  -5.4230271e+01
   5.8000000e-01   4.0666667e+00  -2.5022253e+01
   4.3000000e-01   4.7666667e+00  -3.1398173e+01
   9.8500000e-01   2.6666667e-01  -5.5570790e+00
   6.1500000e-01   5.0000000e-01   3.7012074e+00
   4.0000000e-01  -8.6666667e-01  -4.1315735e+00
   5.5000000e-01   1.8666667e+00  -2.7699932e+00
  -1.3500000e-01   1.3333333e-01   1.9766226e+00
   5.4000000e-01   1.0666667e+00   8.0428564e-01
   4.3500000e-01   3.1000000e+00  -1.4417977e+01
  -2.5000000e-02   3.8000000e+00   6.9231895e+00
   8.7000000e-01   1.8000000e+00  -1.3317355e+01
   7.5000000e-01   4.6666667e+00  -4.8378233e+01
   9.0500000e-01   3.9333333e+00  -4.7713309e+01
   1.2000000e-01  -2.1666667e+00   1.0222693e+00
   3.8500000e-01   4.2333333e+00  -2.4397701e+01
   7.6000000e-01   3.5666667e+00  -2.8871229e+01
   5.9000000e-01   2.7666667e+00  -9.6202607e+00
   9.9000000e-01   2.4000000e+00  -2.2322822e+01
   4.5000000e-01   2.1000000e+00  -7.1732393e+00
   3.3500000e-01  -4.3000000e+00  -2.3181763e+01
   9.5000000e-01   3.7666667e+00  -4.6350780e+01
   7.0500000e-01   4.2000000e+00  -3.4743470e+01
   4.4500000e-01   1.2666667e+00  -3.5841732e+00
   5.9500000e-01   2.6666667e+00  -8.6948545e+00
   1.1000000e-01   3.2666667e+00  -3.3728275e-01
   5.0000000e-01   3.2333333e+00  -1.4632220e+01
   5.5500000e-01   1.3000000e+00   3.1858795e-01
   9.8500000e-01   3.4000000e+00  -3.9506746e+01
   3.0500000e-01   4.0000000e+00  -1.9216510e+01
   7.1000000e-01   4.0000000e-01   2.0363271e+00
   8.1000000e-01  -2.0000000e-01  -2.4686006e+00
   9.0000000e-01  -2.3666667e+00  -2.0745653e+01
   9.6500000e-01   2.8333333e+00  -2.8989246e+01
   6.5500000e-01   3.6000000e+00  -2.1557195e+01
   4.5500000e-01   1.9333333e+00  -6.0966649e+00
   8.9000000e-01   2.8666667e+00  -2.7355101e+01
   4.4000000e-01   6.6666667e-02  -1.6673666e+00
   7.0000000e-02   2.6333333e+00   3.3338251e+00
   9.9500000e-01   2.0000000e-01  -5.1918496e+00
   6.3500000e-01   4.8666667e+00  -4.0985893e+01
  -1.7000000e-01  -1.0000000e+00   6.6837058e-01
   2.0000000e-01   4.5333333e+00  -1.3681473e+01
   7.8000000e-01   4.1000000e+00  -4.0207226e+01
   7.5500000e-01  -1.6666667e+00  -5.9126947e+00
   8.5000000e-01   4.1333333e+00  -4.7714482e+01
   8.3500000e-01   5.6666667e-01  -4.3328708e+00
  -7.0000000e-02   3.4666667e+00   7.3137884e+00
   5.0000000e-03   2.7333333e+00   5.8815096e+00
   9.2500000e-01   4.0000000e+00  -5.0330678e+01
   3.1500000e-01   2.2666667e+00  -9.4885147e+00
   3.1500000e-01   2.5333333e+00  -1.0698115e+01
   5.7000000e-01   4.1000000e+00  -2.5209676e+01
  -2.0000000e-02   1.7333333e+00   6.0778005e+00
   3.5000000e-01   4.3333333e+00  -2.4163505e+01
   9.4500000e-01   4.3000000e+00  -5.8364118e+01
  -2.6000000e-01   3.8333333e+00   7.7300560e+00
   6.9000000e-01   1.1000000e+00   5.7111623e-01
   8.1000000e-01  -2.9333333e+00  -2.3280201e+01
   1.3500000e-01   2.4333333e+00  -4.2853796e-01
   7.7500000e-01   3.1000000e+00  -2.2962067e+01
   2.6000000e-01   4.9666667e+00  -2.2970128e+01
   8.6000000e-01   4.0000000e-01  -4.9360196e+00
   3.1500000e-01   0.0000000e+00  -4.6333147e+00
   2.4500000e-01   2.6000000e+00  -8.2175537e+00
   7.0500000e-01   1.1666667e+00  -3.1361981e-01
   5.1000000e-01  -2.4333333e+00  -7.5781810e+00
   7.4000000e-01   3.5333333e+00  -2.6620310e+01
   7.9000000e-01   3.9666667e+00  -3.8668359e+01
   3.3500000e-01   1.6666667e+00  -7.3909796e+00
   8.5500000e-01   1.0666667e+00  -7.2588911e+00
   7.4500000e-01  -3.3333333e-01   6.1235758e-01
   3.6000000e-01   3.1666667e+00  -1.5117024e+01
   9.5500000e-01   4.5000000e+00  -6.3889345e+01
   3.1000000e-01   2.4666667e+00  -1.0269602e+01
   5.5000000e-01   3.3333333e-01   2.7960068e+00
   7.7500000e-01   3.5000000e+00  -2.9100067e+01
   9.1500000e-01   1.1666667e+00  -9.5815881e+00
   8.7500000e-01   3.9333333e+00  -4.5626743e+01
   3.8000000e-01  -3.6666667e-01  -3.9900180e+00
  -2.0500000e-01   2.7333333e+00   3.0054364e+00
   8.5000000e-01   3.9333333e+00  -4.3600482e+01
   6.2500000e-01   4.0333333e+00  -2.6329947e+01
   8.0000000e-01   3.3000000e+00  -2.8015259e+01
  -3.7500000e-01   3.9000000e+00   1.3131874e+01
   9.0500000e-01   4.8333333e+00  -6.9134659e+01
  -2.3500000e-01   3.7000000e+00   6.7688293e+00
   1.1500000e-01   3.9000000e+00  -2.2965082e+00
   4.6000000e-01   4.2666667e+00  -2.5889557e+01
   9.2000000e-01  -2.6666667e-01  -6.0907029e+00
   7.5000000e-01   1.9333333e+00  -7.7882331e+00
   8.9500000e-01   6.0000000e-01  -6.4906246e+00
   9.6500000e-01   4.6000000e+00  -6.7007029e+01
   9.7000000e-01   4.0000000e+00  -5.2227290e+01
  -3.7500000e-01   1.2000000e+00  -2.3593758e+00
   1.8500000e-01   3.6666667e+00  -8.0719289e+00
  -1.7000000e-01  -2.9333333e+00   4.5466372e+00
   3.3000000e-01   4.7000000e+00  -2.6495268e+01
   9.8000000e-01  -2.6666667e-01  -5.6752198e+00
   7.6000000e-01  -2.8666667e+00  -1.8603629e+01
   8.5000000e-02   3.3333333e-01   4.2213287e+00
   9.4000000e-01   2.1000000e+00  -1.8397331e+01
   8.0000000e-01   3.3333333e+00  -2.8545926e+01
   9.4500000e-01  -3.8000000e+00  -4.6882368e+01
   6.5000000e-01   4.5666667e+00  -3.6683059e+01
   8.6000000e-01  -3.3000000e+00  -3.2619420e+01
   8.4500000e-01   3.1666667e+00  -2.9370105e+01
   7.6000000e-01   4.1666667e+00  -3.9450429e+01
   4.9500000e-01   3.4333333e+00  -1.6676731e+01
   8.9000000e-01   3.5000000e+00  -3.8121135e+01
   6.6500000e-01   2.2666667e+00  -6.5234868e+00
   2.4500000e-01   4.4000000e+00  -1.7478554e+01
  -3.0000000e-02   1.0000000e-01   5.7712873e+00
  -3.5000000e-02   1.1333333e+00   5.8231643e+00
   7.2000000e-01   3.3333333e-01   1.7371367e+00
   7.0000000e-01  -2.2333333e+00  -7.7298047e+00
  -2.3000000e-01   2.4333333e+00   1.3999881e+00
   7.7000000e-01  -9.0000000e-01  -2.2377087e+00
   3.2000000e-01   2.2000000e+00  -9.2896312e+00
   6.5500000e-01   2.7333333e+00  -1.0771528e+01
  -1.2000000e-01  -2.7000000e+00   5.3366196e+00
   9.3500000e-01   3.4000000e+00  -3.8389908e+01
   8.7000000e-01   2.7333333e+00  -2.4360555e+01
   4.0500000e-01   4.0666667e+00  -2.3150636e+01
   7.4000000e-01   5.0000000e-01   5.4015633e-01
   9.1000000e-01   8.6666667e-01  -7.8340768e+00
   6.4000000e-01   4.8000000e+00  -4.0141697e+01
   9.7500000e-01   1.4666667e+00  -1.1865005e+01
   2.7000000e-01   1.7000000e+00  -6.3385550e+00
   8.1000000e-01   2.4000000e+00  -1.6368201e+01
   7.9500000e-01   1.6666667e+00  -8.2543535e+00
   8.0000000e-01  -3.3666667e+00  -2.9081926e+01
   3.1000000e-01   1.9666667e+00  -8.2081023e+00
   8.9500000e-01   2.8666667e+00  -2.7588758e+01
   7.3500000e-01  -3.6666667e+00  -2.8320412e+01
   2.8000000e-01   6.6666667e-02  -4.2254759e+00
   3.9500000e-01   6.3333333e-01  -3.8704557e+00
   1.2500000e-01   1.1666667e+00   1.9583284e+00
   1.0000000e+00   5.0000000e+00  -7.9917725e+01
