3.7066 3.342
0.46448 1.8225
0.91708 0.71015
-0.35747 1.1982
0.032467 1.5116
1.8502 1.7437
2.3729 0.44355
1.2831 2.2624
2.5434 -1.1186
1.7679 0.86264
0.53179 4.5759
2.259 1.7895
0.63394 3.7189
2.5152 4.367
0.066908 4.9063
0.11716 2.4443
1.6887 1.7428
3.7337 3.098
2.1332 3.1214
1.0141 -0.11587
2.2034 -1.1881
4.3312 1.7092
2.6272 1.1327
1.2921 -0.3272
3.392 4.3771
-0.083341 -0.61334
0.7293 2.0749
1.3458 0.20563
-1.6936 -0.04858
4.3432 3.3187
3.0252 4.3239
2.8983 1.4145
0.15324 1.3189
0.23318 0.32671
-0.18513 0.49074
2.036 2.8622
4.5053 3.3861
1.4451 0.93376
1.8054 0.9081
2.9427 3.0218
1.7565 4.5669
0.74944 2.0021
2.2261 1.082
-0.12586 0.028523
2.375 3.1662
2.181 2.9411
1.3107 1.2431
1.7131 0.82568
3.786 6.3316
4.9602 1.2401
3.1862 3.6017
3.4498 4.7004
3.9134 0.80537
2.2883 2.9065
0.21402 -0.35138
2.4535 1.5087
4.707 5.1957
1.4247 4.1478
0.69092 1.2774
2.9148 0.52032
-0.95099 0.6353
0.33954 2.4309
-2.5062 1.8697
3.1284 0.99598
0.58946 3.3666
2.2951 -1.4779
2.5817 2.6205
1.7606 -0.010975
1.0275 1.4558
3.3402 -0.21042
3.2251 0.52298
1.1847 4.4038
0.35854 2.9738
2.084 1.017
1.4866 1.9516
2.7495 1.7818
-1.4716 1.32
3.0651 4.6379
1.1952 3.4193
-2.5823 2.3849
1.9214 3.9963
0.86173 -3.3912
2.344 2.5474
2.452 2.5428
-2.6897 0.81858
4.6194 2.0938
4.3449 4.9728
0.79297 0.66027
3.5152 3.1109
0.57721 5.8225
3.5727 1.1628
3.8228 -0.81312
0.14863 4.3404
0.3667 0.75795
1.8887 -0.89754
-0.12582 2.4976
3.4431 1.6733
1.6692 0.27333
0.16631 2.0204
1.2757 0.75574
4.214 2.6738
0.49084 0.81884
-1.4965 -0.98443
1.4376 1.8757
3.6172 3.1081
0.16565 2.3858
0.71845 0.96297
1.6917 1.744
5.6625 3.5775
2.0401 2.9401
2.0529 2.3468
2.9123 3.8286
4.7459 -0.88587
1.4294 3.2722
0.4777 2.2878
2.0763 4.5556
1.4422 3.9726
4.1317 5.3515
2.5731 1.3485
0.29135 1.0439
2.1874 1.8665
2.4843 -0.85189
3.3017 2.2939
-0.14257 3.7499
-0.13584 -0.49081
3.0728 1.6145
4.0258 2.0143
0.10468 1.951
-0.060148 -0.30223
1.9108 -0.72086
-0.22659 5.0744
1.4493 2.8277
0.8165 1.6887
3.3476 2.4106
2.1592 5.427
2.4924 3.9166
3.9679 2.2497
0.82062 0.60381
2.7605 2.0727
1.0029 0.90446
3.2181 1.0542
-0.18496 0.7533
0.056599 0.79741
1.7632 3.2474
2.615 0.51077
1.7497 2.2484
1.7825 3.8689
-1.7169 1.4694
1.6309 0.4847
2.5316 1.2675
3.7487 5.3331
-1.0257 3.0269
1.6355 3.1385
2.035 3.461
1.8654 3.4164
2.1544 1.3892
2.9791 3.6804
3.3908 2.18
3.626 3.054
0.75478 1.5774
4.0884 1.7923
1.3017 -1.4502
1.5279 2.6796
2.9512 5.3903
3.5225 1.6832
-0.43511 1.6461
-0.37059 0.5853
1.2132 3.827
2.411 2.966
3.0045 2.5451
0.32468 -0.30392
-0.54798 -2.8726
-0.065646 0.9795
1.5623 3.6974
2.8146 2.999
0.079869 1.6435
0.6611 -1.8592
0.9563 4.7829
3.4305 3.1536
2.7939 5.6725
3.3283 3.0096
2.4467 0.89784
1.0742 3.2852
2.8672 -0.77899
1.0409 3.8859
4.5466 3.7982
2.9893 2.107
3.9339 4.4788
1.9775 1.6228
2.9296 2.7797
2.2685 3.0918
-1.0158 1.9441
2.4542 4.8363
1.7485 4.5369
0.80209 1.3467
2.5702 1.4861
-1.4567 0.6195
1.4649 1.4515
2.0594 2.0605
-0.036367 1.7377
-0.28999 5.07
2.4091 1.1528
2.9692 1.8494
1.0313 3.0509
2.7459 0.83837
2.1404 1.078
0.50334 2.1568
1.892 0.52502
-0.79113 1.0898
2.1647 -1.1015
0.73362 0.26448
-0.28993 1.8778
0.091518 -0.54825
1.794 1.4863
1.5449 -0.74715
3.146 3.5092
3.9073 2.0298
5.8001 4.2726
4.7229 4.8304
-0.52516 2.4046
1.7135 0.33777
4.1158 2.5447
-1.1622 0.92066
2.9009 5.1345
1.3107 1.8101
1.3493 -0.22046
3.6226 4.2866
2.8983 6.3802
4.5559 1.5925
1.9052 0.61074
2.5616 2.5471
0.80361 3.1197
4.1154 3.7541
3.5551 4.2884
2.5592 1.9786
0.42973 1.5652
0.72275 -1.3229
1.373 2.6173
1.9597 1.3962
3.269 0.70867
0.81876 4.1532
0.39693 1.0502
5.2625 5.2951
2.0882 4.1533
2.536 4.1062
3.8801 2.4448
0.64153 1.9346
2.3261 -0.28566
4.4508 1.5909
2.043 1.5468
2.5442 2.4825
3.6028 2.5462
3.3253 2.7598
2.6703 3.7056
3.6575 3.775
2.7088 0.91581
2.4668 1.8475
5.6968 2.8437
-0.10978 3.5375
0.36669 -0.52666
-1.3476 2.716
2.4705 1.8686
-0.4029 -0.14025
1.2891 3.7011
0.51848 3.9311
0.53417 -0.27017
1.2219 1.6108
2.4099 1.8933
2.4524 2.8367
1.5536 3.1395
1.8067 2.7589
3.4875 3.0616
1.0474 -1.3175
2.0893 3.4027
2.8435 1.5961
3.1884 2.2367
3.5726 5.1653
1.566 -0.056794
-0.11857 4.671
3.2118 2.1104
0.55445 3.9046
0.66415 1.4816
1.8683 4.285
0.29771 6.9693
0.34707 4.7567
1.1468 -1.4358
0.60295 5.02
1.0225 3.8108
2.4663 4.0457
3.5183 4.3493
3.0354 2.5472
0.14404 1.9696
2.7641 4.7452
0.56411 1.6092
3.4829 2.8845
1.6335 -0.049823
0.3479 3.1367
3.6392 0.79612
-0.33591 3.6221
-1.2208 0.30149
1.4539 0.49085
1.6363 2.0451
-0.95951 1.1936
1.506 -0.52939
1.1686 1.8313
5.6799 3.0598
-0.53694 0.8389
2.1237 0.75278
0.62569 5.5762
4.5041 3.9281
4.8206 1.3464
2.1401 2.4027
1.6379 1.8335
1.3416 1.6268
-0.39601 3.2393
3.2171 3.231
1.1406 2.9487
1.2243 1.9622
1.2608 4.82
1.2865 1.5193
2.66 5.5614
3.5291 3.8122
-1.2933 1.4384
3.1276 1.6256
3.0803 3.6674
2.9795 2.6186
3.3239 1.0348
5.8222 4.6824
0.93638 2.9424
2.0947 1.9677
1.304 0.33019
0.88235 2.6852
3.3702 2.9909
2.2487 4.1901
1.6581 2.4718
1.7064 0.207
1.8267 1.9149
3.2755 3.5002
2.2409 4.7234
0.7712 1.5684
0.49448 1.245
0.42235 -0.26611
2.6104 3.3844
1.0982 3.6471
1.5778 0.36817
-1.2255 1.6191
1.0126 1.4259
2.8421 4.2869
1.5258 -0.84245
3.8091 4.5143
2.542 1.1311
4.6915 2.7527
3.2824 1.4517
-0.73885 -1.591
-2.2436 0.11001
0.99791 2.1737
3.6947 4.1468
4.9278 2.2976
4.2457 2.9448
1.4299 4.4571
0.65405 3.1965
2.8981 3.2442
0.63891 2.5659
1.5915 2.5071
0.12431 2.3614
0.86723 3.8631
-1.7595 0.47115
1.6338 2.4777
2.1289 3.57
1.6274 1.0059
2.5306 3.1779
-1.1849 1.0179
2.0616 0.70646
2.8742 2.433
1.6767 3.9336
2.6662 0.13926
3.9332 2.3916
3.4307 2.2942
0.19132 1.9174
0.20939 2.8174
0.57557 0.68255
2.0232 2.2475
1.9457 1.6501
2.4965 4.3055
-0.12412 0.56049
2.3244 2.1797
0.91946 2.4266
2.7649 0.51456
3.9682 2.9803
2.0789 3.1127
1.3777 4.8099
5.5173 1.9518
1.5206 -1.5168
1.5593 2.7767
3.8344 0.61531
3.5205 3.234
0.29264 -1.6006
1.1944 1.3784
4.7789 4.687
3.3433 2.2818
0.84408 1.2557
2.8944 2.026
-0.37043 1.5162
3.413 1.2119
1.9956 4.0796
1.8067 3.5639
-0.1186 2.4921
1.2706 2.084
0.65524 0.43093
3.9694 -0.16974
2.9054 3.0144
0.74314 2.6654
2.7866 1.8991
1.5873 3.2802
1.7971 2.2177
4.0815 3.5476
1.7215 0.86039
-0.21015 2.0002
0.83016 3.6018
2.5516 3.5983
-0.25747 -0.082948
2.0403 2.4959
2.4556 1.0461
0.78665 2.4777
0.95317 2.1491
1.055 0.70089
-0.0082035 0.86271
1.5471 0.52096
3.7506 3.3994
1.9896 4.223
4.9356 2.4614
-0.90982 -0.36163
-0.88973 1.4731
1.9496 0.106
2.6067 6.4873
4.6265 2.7942
0.36091 -0.84414
0.93997 2.0608
2.5438 0.90336
0.58378 1.0815
1.4462 5.8146
1.7486 1.1674
1.5705 -0.28408
0.66717 -0.19639
3.5015 1.5977
2.5286 3.3096
1.6583 1.616
1.9479 0.98555
2.4327 1.9413
3.1148 0.65657
0.98341 3.1159
1.4303 0.65462
2.4276 0.92124
1.7142 4.7992
2.2461 2.1235
-2.3904 0.65549
1.1705 4.2237
0.48343 2.6221
4.7372 3.5162
1.5117 -1.0251
0.15078 1.741
0.20223 3.4617
-0.42368 2.0983
2.7096 1.5687
0.52601 1.9425
1.3859 2.1875
3.3781 -0.39417
0.19307 1.1029
1.0886 0.24482
2.7571 1.5386
1.8727 5.576
1.8993 3.1493
5.0518 -0.090907
3.3045 3.7433
-0.57628 -0.60294
-0.52098 3.2038
2.8677 1.7098
3.0715 3.3335
2.558 1.8812
2.2149 5.6445
1.1278 3.1866
1.8363 3.909
3.9986 0.46551
0.19185 2.6583
3.1104 2.6693
2.7634 1.9596
-0.0059189 3.7458
-0.69504 0.9794
1.9342 0.24814
1.9366 1.2187
1.3638 4.4186
3.5765 1.4469
1.5741 2.0643
2.1522 2.3211
3.3322 2.4084
3.7177 2.9573
3.6822 1.9198
0.81033 4.8203
0.38002 3.0412
5.3845 1.441
14.289 10.218
15.733 7.5234
17.928 6.3166
17.146 8.9467
20.708 9.2905
12.438 10.855
14.383 10.248
16.879 8.9202
9.3611 8.1276
15.331 6.197
15.305 7.0647
16.115 11.236
13.36 6.6699
13.291 10.151
13.768 10.261
16.619 10.1
17.786 8.8177
13.725 8.2514
14.959 11.955
13.476 7.49
14.11 8.6192
13.608 9.0844
13.013 11.31
12.669 6.7129
14.41 10.178
16.065 10.094
15.096 7.0836
12.273 9.0772
14.47 10.476
16.528 6.717
14.438 8.4913
14.989 10.912
17.779 13.016
16.339 10.118
12.079 7.9197
11.851 7.249
13.986 8.4431
14.273 6.2897
15.384 11.084
15.79 9.7741
14.845 6.6576
14.893 9.218
14.608 11.728
11.454 5.2908
13.336 10.433
15.658 8.8552
14.621 10.3
15.41 7.4967
13.912 9.6931
14.105 5.1827
13.948 7.3366
13.583 6.6682
13.87 7.6857
13.925 9.3827
18.105 8.7596
14.268 6.6471
18.765 10.034
14.243 10.625
16.287 6.9625
19.544 10.816
19.945 9.2291
13.545 7.5292
12.155 8.0533
13.767 10.774
16.025 9.031
16.122 9.7291
13.58 8.7905
15.455 8.5672
16.123 7.8823
15.407 8.3723
12.007 10.692
14.591 6.1098
17.338 8.8412
15.414 7.9096
15.717 8.3493
13.29 7.8979
15.052 7.1553
17.519 6.956
17.082 7.7823
13.546 8.0982
14.596 13.205
14.544 5.9182
14.922 7.1414
12.491 8.5162
12.884 8.9131
15.501 8.0096
14.144 10.981
12.348 9.4076
15.624 8.765
13.613 8.862
13.749 8.8709
13.114 7.2129
17.63 10.284
14.071 11.054
16.7 10.281
16.31 9.5999
14.518 11.196
14.25 5.8593
14.414 8.2007
15.248 9.1484
16.447 8.4902
15.04 6.1414
14.449 10.085
15.278 8.2484
14.945 7.9868
16.971 10.107
15.454 8.4026
20.598 11.585
19.68 10.016
16.246 10.146
15.913 8.0857
13.578 9.972
13.724 8.8104
14.571 7.9907
15.059 9.4501
14.282 8.7621
15.746 5.7248
13.21 8.9305
16.484 11.381
14.542 6.9789
15.5 5.7947
15.568 7.4221
14.484 8.2681
17.103 9.9858
13.695 7.7536
15.254 11.295
17.076 5.5329
14.685 6.5571
16.474 10.329
13.529 8.5447
17.368 10.976
11.744 8.6755
14.83 8.2674
14.209 9.4231
16.545 9.8562
13.484 11.251
14.505 8.4401
15.799 10.895
17.681 8.026
15.881 8.8982
18.014 8.2867
14.522 9.1075
11.578 7.1547
16.893 8.0364
14.387 9.208
14.284 10.306
15.81 8.2416
14.872 10.936
12.757 10.399
14.621 8.7436
13.23 11.412
12.622 10.876
12.321 7.6633
16.116 10.066
17.308 8.2171
10.761 9.341
14.133 9.0472
12.528 6.549
12.825 10.394
16.166 8.9316
11.956 9.6618
14.274 9.0196
17.198 9.3565
13.242 9.0005
14.311 7.787
14.853 8.6303
16.698 8.9659
14.432 8.7567
16.524 8.5796
14.359 6.9504
15.348 8.1345
15.858 10.276
14.878 10.079
10.613 5.5315
16.812 7.0683
14.985 9.5524
13.991 10.196
16.156 9.203
11.784 8.169
15.264 8.541
12.308 8.5335
15.927 10.38
16.682 10.991
13.716 8.3359
15.366 10.214
14.295 7.2044
16.453 8.9019
11.229 7.0656
17.179 11.4
13.322 8.2174
12.114 8.4616
15.084 10.804
13.176 5.9872
16.035 9.4437
15.022 6.0494
15.518 10.937
15.867 9.2424
14.812 9.5447
11.461 10.004
14.627 6.2346
16.638 11.104
14.355 5.0934
12.884 13.115
12.53 6.9607
14.599 7.1982
17.164 10.771
15.227 9.2384
16.508 10.905
15.836 11.62
15.702 7.9126
12.443 4.6895
15.012 9.1215
14.575 10.969
16.836 7.812
16.223 9.5503
13.804 10.624
12.653 8.8762
14.885 9.4613
15.651 6.8217
16.686 10.057
14.103 9.2591
11.848 8.9091
17.573 9.5649
16.627 7.0832
15.515 8.5522
13.013 10.364
14.229 10.599
15.055 6.7609
13.712 7.9181
15.941 9.2716
14.804 11.074
14.538 9.225
12.601 8.6306
18.563 8.5655
12.586 10.49
15.68 10.465
14.478 7.7149
14.008 10.766
15.536 8.3661
17.564 10.803
14.364 9.2896
14.104 8.8683
13.49 8.4235
14.602 7.4255
14.251 8.6467
12.441 9.6204
15.889 12.64
13.076 8.7661
14.844 6.869
18.729 8.8654
16.536 10.282
15.273 9.8033
15.477 10.265
11.733 11.329
14.693 8.018
15.188 8.1846
16.02 6.9237
11.896 8.0577
17.665 10.712
15.288 8.6828
13.874 7.2477
16.363 11.104
15.758 10.398
15.229 8.6675
14.49 9.6038
15.829 8.9611
13.964 9.8281
11.815 6.2171
15.983 8.1483
13.655 7.3393
15.38 9.5682
13.736 8.5922
14.339 11.611
10.567 7.506
13.36 9.248
15.765 7.1295
14.743 7.7077
12.675 6.9874
12.611 6.913
17.493 9.7911
16.292 8.4373
16.629 8.3011
15.686 9.5725
12.249 8.3414
13.335 5.8422
17.702 9.9561
13.765 7.5129
14.976 7.9948
15.759 8.6279
15.508 10.049
17.785 9.8865
14.257 7.8397
15.071 7.8212
13.976 8.4533
15.643 6.8136
17.015 8.8563
16.533 8.3464
16.436 9.6006
17.146 11.385
16.138 11.063
14.043 6.553
13.261 10.054
15.34 9.043
17.451 7.9685
12.566 7.9295
14.264 6.8959
14.912 9.4401
13.728 9.0017
13.403 7.1246
14.04 8.8471
12.175 9.9694
9.5806 9.176
12.876 9.7818
16.64 9.0432
15.723 8.4784
17.893 11.83
18.704 9.6523
16.667 12.02
13.451 8.7933
13.587 9.6631
13.399 9.4335
16.092 7.7732
13.732 6.044
17.066 9.8481
18.093 7.6532
16.747 9.829
15.79 4.5395
16.227 6.3516
14.783 10.201
15.257 10.65
14.213 11.046
12.09 5.5996
20.294 9.0802
17.771 11.351
14.297 7.7727
17.206 7.3794
13.012 8.4226
14.936 9.7098
11.462 7.0619
13.965 11.907
13.197 8.7545
15.319 12.608
18.807 9.2738
15.776 8.7548
19.041 7.8977
13.465 7.7933
12.01 7.2948
14.464 9.4538
16.308 5.8031
15.521 10.276
15.242 8.9679
15.62 10.734
17.894 10.395
12.56 10.734
15.316 9.5822
14.705 6.6556
14.661 8.2005
12.43 8.8426
15.874 10.699
16.685 8.7538
14.956 7.1024
13.533 8.3501
18.328 10.577
15.793 6.3381
15.547 10.319
12.847 9.7828
14.032 7.159
13.18 6.5986
18.291 7.6337
16.939 8.7254
14.744 7.0656
15.004 8.1733
16.306 8.7141
15.391 9.162
16.658 10.057
15.876 8.7234
11.238 4.7189
17.66 10.399
14.281 4.3039
15.949 9.1862
15.61 8.486
15.197 7.3556
11.707 6.358
14.167 8.3645
14.53 8.3173
15.218 8.8716
12.131 9.5376
12.38 7.1789
18.099 10.072
13.228 6.7516
16.691 12.027
13.247 11.27
17.51 7.4385
14.263 9.4502
11.847 7.8018
17.031 5.9216
14.671 10.985
12.125 6.1079
16.324 11.78
16.048 9.7334
13.479 8.9139
13.814 9.8549
14.946 8.0923
16.089 10.241
13.834 12.356
14.515 9.2046
13.582 10.818
15.186 5.4142
13.548 7.4173
12.17 7.8012
12.453 7.8308
12.865 6.6724
18.611 7.6103
16.653 6.636
14.828 8.3753
16.169 7.6059
11.914 6.2783
14.176 5.8457
17.38 9.9074
14.707 8.9437
11.741 5.7613
14.906 11.778
15.404 9.7677
15.67 9.3269
14.627 7.7189
13.731 9.2958
15.33 10.904
16.055 5.9076
14.066 9.0484
14.776 7.4848
13.549 8.0668
14.206 10.032
14.141 6.3341
15.383 6.0585
16.295 8.2958
16.144 9.2472
15.909 7.4073
13.103 9.1075
13.126 10.238
14.733 6.67
14.956 8.0265
14.035 8.5482
12.816 8.4091
14.631 8.5564
17.719 8.7998
13.583 6.9402
12.499 9.2471
15.498 11.141
10.906 8.6711
18.277 10.734
15.502 8.2399
14.902 8.6031
14.092 8.8572
17.79 7.806
15.329 7.8289
11.655 9.5181
12.25 8.3719
10.944 6.1482
14.612 7.804
13.754 11.687
14.145 8.5204
13.04 7.0408
14.401 10.228
18.986 10.544
13.917 9.983
16.927 8.206
16.628 11.22
15.792 12.365
14.202 6.16
14.094 4.8943
13.623 8.5441
12.699 9.4343
11.864 8.2344
17.006 7.2391
14 13.353
14.983 10.868
15.661 10.466
17.523 5.8818
13.907 10.397
14.772 7.5916
14.127 10.539
14.999 8.457
16.32 9.1841
19.212 6.8736
13.591 10.349
14.409 8.2388
16.477 7.5104
13.8 8.6123
15.966 8.3921
15.884 10.586
14.166 10.09
11.367 5.6096
13.446 10.489
13.703 6.6679
14.922 9.8877
12.849 8.1831
18.057 6.8237
14.302 10.299
12.322 6.8973
16.637 11.795
-0.28202 9.887
-0.92233 11.7
-0.56754 11.072
-4.1307 10.573
-1.3005 15.03
-2.2269 11.349
-0.18971 13.262
-2.0136 10.799
-2.7454 11.186
-0.78059 13.464
0.86493 13.621
-3.3919 12.86
-0.21495 10.769
0.79025 13.185
-0.7163 11.813
-3.5749 11.499
-0.87932 13.195
-1.2587 12.402
-3.6734 12.883
-0.65579 12.947
-0.80561 14.213
-0.73862 11.485
-5.0538 10.13
-1.3807 11.592
1.9667 12.626
-3.2306 12.964
-3.8955 10.338
-2.5314 10.891
1.2396 8.9563
-0.52193 9.5217
-2.3156 14.359
1.3748 10.322
-2.2494 11.936
0.9375 13.883
-1.9532 12.957
-0.94535 12.68
-0.93372 11.856
-1.561 11.385
-1.3561 11.317
0.88628 9.9158
0.31825 9.617
-2.6255 12.803
-1.1252 11.274
-1.3686 10.424
1.8454 11.79
1.6885 13.646
-1.2192 14.546
1.3758 9.7844
-0.16397 10.574
-0.042955 14.889
0.909 11.955
0.99172 14.279
0.68191 11.832
0.071272 12.995
1.2135 12.842
-5.396 11.64
-3.9086 11.463
0.78893 10.799
-2.2165 12.926
-0.47118 10.362
-0.72745 9.7882
-0.0044869 10.182
1.6647 13.16
-0.70857 9.912
-1.0976 13.58
-0.83567 10.596
-1.7469 13.564
1.0967 10.528
1.3344 13.143
0.020686 11.793
-1.7157 9.2026
-1.5283 13.041
1.85 12.961
0.58688 12.094
-2.1533 12.817
-2.7645 11.052
-1.5866 13.96
0.73714 11.207
-2.1866 12.207
0.87875 8.6543
-2.4538 13.301
-0.53603 13.439
0.096723 11.57
-4.8306 12.085
1.6537 13.771
-1.6569 9.62
0.78195 10.345
-0.55998 10.382
1.5385 9.7464
-1.9762 12.427
0.95819 11.044
0.41452 13.108
-1.3991 11.099
0.01964 14.097
-2.3694 11.592
2.0287 11.595
-2.2655 13.067
1.8659 12.429
0.7373 10.689
4.82 12.095
0.55792 16.541
0.78811 10.882
0.090686 11.934
-0.0942 12.986
0.16984 11.943
2.5678 13.68
1.0878 12.422
0.34584 9.8879
-0.71585 10.841
-0.68076 12.928
-1.7847 12.396
-0.44122 14.396
-1.9307 10.505
-1.6802 11.359
-1.5547 14.022
-0.98493 9.7841
-4.2062 11.869
2.1217 11.185
2.1191 14.926
-2.4136 12.758
0.87126 11.781
2.8073 14.486
-1.8498 14.494
1.8432 8.6324
0.82764 15.77
-2.361 10.397
-2.9406 10.733
0.044427 14.028
-1.8549 13.437
-2.4024 15.295
-1.973 9.6068
-3.35 12.82
0.074612 11.579
-0.59879 13.072
-3.2484 13.402
-1.6514 10.622
-2.2815 11.491
0.077788 11.293
0.66084 10.121
-1.054 11.233
-1.8003 11.917
-2.745 14.019
1.1477 15.297
-2.0619 13.211
-1.4869 12.368
-1.2324 10.951
2.9113 13.148
-0.051649 11.33
-2.8173 11.524
0.47323 11.175
-0.57349 10.855
1.3385 11.575
1.0883 11.958
-2.2556 11.694
0.62579 12.179
-1.9556 13.796
-2.3474 8.9506
0.18225 11.547
-0.86859 13.199
-0.96991 11.647
0.80986 11.443
-1.1635 9.7002
0.30072 12.304
-2.2018 12.311
-0.50619 11.153
-2.4007 12.343
-2.9909 10.612
0.26847 12.312
0.10235 10.628
0.027597 11.601
-1.5355 10.721
1.0635 14.086
-1.6016 9.931
0.42651 11.227
-2.207 11.357
-0.41661 13.107
0.75017 12.4
-1.2694 10.716
-2.1861 11.656
0.22653 14.243
-1.8572 12.405
-0.96897 10.82
-0.93052 13.361
-0.56275 11.844
-2.3004 12.478
-0.76815 11.964
-0.085321 11.049
-1.8374 10.241
-2.2137 11.008
-1.6335 13.618
-0.14111 8.7456
0.054619 10.874
0.032117 10.216
-4.7236 8.2416
-0.88867 12.93
-2.3868 12.941
-0.69266 12.451
1.9809 13.845
-1.4432 12.479
0.69925 11.597
-0.78113 12.54
-0.22707 10.871
-1.1581 9.6625
0.38977 8.7529
-1.0524 12.547
0.49353 14.295
-0.51406 13.651
-4.0105 15.321
-1.2655 10.975
-2.2753 14.448
-4.5958 9.5938
0.92434 8.9598
-2.0166 11.325
-1.7553 11.853
-1.3681 12.475
-1.206 13.454
1.2403 12.765
-1.7382 12.899
0.70765 9.7735
0.29813 11.461
-3.2184 10.998
0.38019 10.857
0.4992 12.841
1.5894 14.873
-0.19362 13.316
-1.7261 10.782
-3.1834 9.0596
-2.3679 10.719
-2.8698 12.367
-1.4996 7.754
-3.2584 12.156
-2.7034 12.638
-0.48947 11.031
0.26126 15.753
3.6467 12.234
-2.6526 13.881
-0.99338 10.786
-0.29003 11.972
0.64943 12.213
-0.40582 10.142
0.29661 13.309
-1.1662 13.218
-1.8591 12.608
-1.202 11.149
-0.22737 10.952
-1.7944 9.6321
1.474 11.198
0.32046 10.944
2.2738 12.26
-1.533 10.968
-0.89988 12.094
-1.1398 15.091
-4.0048 10.033
-1.8328 7.8228
-4.9504 12.615
1.5117 8.9858
-2.0318 11.538
-1.6784 13.625
-2.5975 13.545
-4.3366 11.542
0.35517 11.667
-2.0503 11.986
-2.5632 12.489
-0.64521 10.426
-3.671 12.834
1.0334 14.698
-0.35865 11.865
-0.76209 10.115
0.096107 13.377
-2.6113 11.304
-5.5324 11.541
-0.47201 9.2624
-0.68903 11.916
-0.92291 11.468
-0.93875 11.745
-0.25956 13.344
-1.2394 11.015
0.53392 12.236
-0.38007 11.252
-2.0945 10.847
1.0507 11.269
-0.30912 10.605
1.3934 12.339
-0.98746 10.158
1.4294 11.069
-0.69712 12.042
-0.38668 13.923
-0.69246 12.81
0.084475 10.95
-3.4058 13.463
1.332 11.861
-1.026 10.449
-2.1695 8.2656
-0.21871 10.288
-0.93464 8.8461
0.49506 12.306
-3.3864 9.0621
-0.51295 12.953
-1.9795 10.156
-0.063154 11.819
-0.33844 14.348
0.209 10.881
-1.3925 9.8126
0.50648 12.354
-1.9201 10.581
-2.0414 10.865
1.1667 12.703
-5.3216 9.776
1.5302 11.559
-1.9073 12.854
0.11913 13.61
-1.7484 11.664
1.8872 8.9179
-0.28087 12.021
-1.7842 9.7805
-1.7351 10.977
-0.61436 13.146
-1.471 10.502
1.7715 11.661
-0.79954 13.096
-3.0471 13.74
-0.8045 13.36
1.0961 12.64
-2.2677 15.04
-0.14126 9.1954
0.43577 13.249
1.7445 15.649
3.3837 12.835
-1.2567 12.361
-2.3315 10.251
-1.6629 12.207
-0.28588 11.908
-2.2561 13.003
1.7923 9.4518
-0.75376 11.153
-1.5082 12.206
-0.99623 13.471
-2.2328 11.586
-2.2081 10.041
-0.55964 7.7748
-2.7776 9.451
1.6789 14.45
-2.1838 10.237
-3.404 11.599
-1.4445 11.568
0.75526 10.91
-1.931 12.281
2.7745 10.957
1.5111 13.038
-2.8882 9.5098
-1.4081 12.642
0.56797 13.74
-3.9304 12.365
-3.7597 12.011
-1.1452 12.861
1.0675 9.9779
-4.4664 11.661
0.74478 11.617
1.2078 13.029
-0.30879 10.396
-4.7596 12.476
0.58164 12.093
-1.2919 11.529
-2.3071 12.229
-1.0651 11.12
-0.78195 12.296
-0.072618 9.6104
-4.0339 12.754
1.0566 9.0181
2.0776 12.935
2.0079 12.428
-0.27269 11.261
-0.37962 14.132
1.206 14.088
0.40184 13.1
-0.40195 13.254
0.81299 11.223
-4.3066 8.7054
1.4293 12.871
-0.48153 11.279
-1.2933 10.786
-1.451 10.249
-1.1101 12.57
1.9319 10.767
-1.7268 13.889
2.5138 12.372
0.7113 10.638
-0.99318 11.25
-0.86468 12.358
-3.4307 14.412
0.34388 13.132
-0.41671 10.432
0.11288 11.883
1.3365 13.15
-0.023547 13.354
0.55862 9.7443
-1.6214 10.655
0.42067 10.693
-3.0512 12.294
-3.6113 11.853
1.0152 13.832
0.96699 12.754
-4.3993 7.452
0.61935 13.793
-2.9036 12.206
0.45024 13.395
-1.5461 12.697
1.5727 12.576
1.1281 13.377
-2.1195 11.215
-3.2808 12.443
2.1225 13.28
-2.8084 9.8156
-0.92009 11.855
-2.0415 11.273
-2.9285 11.884
1.3228 12.531
-1.0964 12.094
-0.047644 11.222
-4.3058 10.287
0.35216 8.3393
-1.5734 10.826
2.3439 11.398
0.71975 13.462
-1.4808 13.969
1.8083 13.376
-0.33388 10.874
-1.3264 8.3374
-1.398 10.048
-1.3788 9.8856
-3.1188 13.059
-2.1484 10.224
-2.0578 12.48
-2.3293 10.217
0.29557 13.77
0.59728 14.237
-1.5148 10.299
-0.10482 12.178
-1.6385 12.714
0.38617 9.9168
0.20181 11.182
-1.5296 10.255
-1.9005 12.246
-1.8482 9.5386
-1.4114 12.692
-3.628 15.187
-0.1101 12.729
0.26212 12.214
-0.86453 11.907
-2.0207 11.281
0.50822 11.087
-1.2476 7.9026
0.22866 12.516
-2.6308 8.5842
0.86239 11.957
0.98946 13.774
-1.4084 8.7678
-1.0329 11.221
-1.3246 14.437
-3.9749 12.711
0.86386 13.081
-0.89308 9.2946
0.32295 14.951
0.57224 13.306
0.11962 11.43
0.21225 12.485
-1.663 12.514
-3.3404 8.6489
1.7581 10.747
-1.7203 13.787
-5.3996 10.314
1.8783 12.085
-3.6637 10.593
-0.19094 12.243
0.61813 14.931
2.0278 11.797
0.52762 11.552
-2.1191 13.44
-1.0311 11.037
-1.2824 15.263
-0.82746 14.55
0.27491 14.202
-2.2293 10.378
-3.7616 9.068
-2.6303 10.622
-3.4455 8.81
-1.1065 10.393
1.1078 10.73
0.82037 12.792
-3.3821 12.136
3.8621 12.807
-0.7699 11.734
-0.18301 11.181
-1.4678 13.201
-3.6452 12.439
0.61082 13.791
-3.4711 11.818
-2.3582 11.218
-0.83472 16.312
0.41346 11.234