425.28 799.57
358.45 978
328.35 1170.5
500 1500
410.1 1054.4
375.45 911.83
357.16 1212.5
344.65 952.61
385.63 1157.8
320.85 851.44
358.41 1664.2
315.76 1160.9
407.35 851.83
287.03 749.11
313.49 774.08
336.24 1084.4
458.87 1181
374.5 979.24
815.09 2070.2
443.85 1431.8
500 1500
232.9 1225.1
363.22 794.98
421.76 877.19
488.31 1535.9
500 1500
331.21 1049.2
325.92 950.69
931.9 1959.2
375.28 977.16
430.44 1157.9
388.3 1131
378.11 1077.9
346.31 953.26
344.83 1120.4
385.97 928.52
453.78 821.53
284.22 921.44
500 1500
335.44 687.42
319.31 1060.5
500 1500
322.16 2282.8
388.31 1100.2
326.82 727.28
315.21 725.86
309.67 946.34
294.69 850.93
421.44 1139.4
321.94 771
373.25 1224.8
379.86 976.42
372.31 1123.6
528.36 1155.1
387.61 989.04
342.6 1016.3
414.59 903.35
500 1500
393.55 818.61
429.4 915.36
500 1500
325.52 1622.5
500 1500
345.32 930.12
382.46 1077.7
323.65 857.5
300.84 818.04
921.18 2308
335.09 1034.8
331.51 961.05
353.34 1047.8
500 1500
329.76 978.9
223.36 678.14
171.04 1591.5
570.46 1240
406.32 1081.9
322.18 1354.3
500 1500
361.38 1045.4
368.44 986.11
363.22 794.98
853.91 2324.2
500 1500
248.35 890.08
834 2459.9
299.12 2456.3
364.05 1033.4
331.48 898.22
339.11 1000.8
480.19 1049.7
322.16 2282.8
414.61 974.8
352.76 1064.9
347.54 1068.9
397.12 1156.4
500 1500
398.9 1530.7
348.61 1053.4
385.76 968.21
463.74 1011.5
319.47 1559.9
497.36 935.55
500 1500
367.69 1247.2
479.55 1105
728.72 1223.2
287.82 2026
380.15 2270.4
440.43 984
319.66 739.62
421.76 877.19
366.03 883.28
357.49 727.06
437.85 1022.6
278.19 1306.8
367.07 1763.7
339.61 1080
295.78 757.89
542.55 1154.5
398.31 1131.6
500 1500
272.13 876.24
210.55 745.53
338.5 1160.1
401.49 1150.1
331.21 1049.2
356.67 884.62
311.28 1292.5
368.16 2333.9
373.64 1127.8
304.47 700.94
1086.3 1211
500 1500
305.52 1281.7
369.44 844.35
500 1500
337.31 1002.9
319.33 795.22
591.91 1097.2
352.32 841.09
373.86 950.09
247.17 1744.6
371.3 1226.1
322.72 1234.3
337.07 854.32
374.52 1109.7
401.49 1150.1
389.29 1233.2
482.46 1145.5
362.27 1003.1
340.13 1116.2
500 1500
336.52 1027.9
829.91 2534.8
336.24 1084.4
899.59 2629.4
316.22 836.68
527.43 1165.4
500 1500
338.5 1160.1
304.44 936.31
315.21 725.86
268.86 1247.4
354.75 1165.2
596.97 1501.4
362.25 1407.2
342.85 1090.8
535.08 861.13
400.5 1544.5
304.79 1162.3
500 1500
500 1500
399.52 1416.7
488.03 776.66
329.4 981.48
500 1500
331.47 1316.3
500 1500
322.74 810.9
330.64 1041
319.66 1073.7
263.98 759.52
500 1500
323.65 857.5
322.42 1132.6
387.1 1121.3
570.36 1173.5
325.24 1886.2
379.08 2488
291.53 573.33
500.15 1520.9
500 1500
321.34 920.63
359.48 1085.6
387.99 993.61
495.96 1110.2
304.76 498.67
353.83 757.9
375.19 937.01
321.94 771
519.01 1528.3
453.84 1428.3
163.85 1208.9
262.4 1207.2
304.44 936.31
500 1500
264.11 1366.6
294.69 850.93
307.34 1367.6
500 1500
365.1 972.46
500 1500
343.16 1259.1
375.85 908.01
308.84 875.35
433.8 1674
375.8 753.67
344.67 965.16
427.38 1006.4
335.09 1034.8
313.47 1345.7
500 1500
500 1500
398.05 1085.9
447.23 1015.2
404.95 1112.2
346.77 648.93
314.61 1013.9
336.16 1076.8
365.11 1129
500 1500
363.73 1095.3
537.19 1087.9
323 1300.8
500 1500
377.67 843.54
298.04 1034.3
348.24 1009.1
236.72 766.16
371.3 1226.1
335.44 687.42
273.02 1100.6
311.68 774.89
234.68 924.86
325.93 1415.4
379.1 1028.1
890.55 1894.9
461.05 2300.3
250.09 986.08
364.12 826.66
425.28 799.57
451.16 887.32
368.74 1090
926.34 1502.2
319.29 896.43
311.94 917.35
327.47 1118.4
293.25 1124.4
455.29 938.3
500 1500
360.8 1627.7
352.99 921.38
437.42 1117.5
352.71 1221.7
340.95 911.23
371.3 1226.1
267.98 833.3
360.54 884.95
485.85 1559.3
500 1500
500 1500
360.27 1100.3
340.25 809.27
371.46 820.96
353.66 1208
500 1500
436.84 859.81
342.96 1295.6
334.58 1231.3
500 1500
398.64 893.65
500 1500
338.6 1117.1
396.4 922.57
289.74 717.14
374.75 902.8
288.14 1176.3
323.05 1094.1
500 1500
297.23 751.4
368.56 840.26
356.41 908.41
351.13 1080.7
500 1500
692.12 1522.7
1075.8 2339.7
931.9 1959.2
359.14 1089.1
370.68 1081.4
444.79 1315.8
339.97 876.07
500 1500
312.99 1190.4
847.23 2648.2
417.3 1084.9
370.62 1141.3
286.46 890.5
365.37 1499
500 1500
1086.3 1211
370.48 821
500 1500
515.68 1121.4
362.35 1418.9
365.37 1499
299.21 1172.5
352.58 1101.2
384.2 1119.1
360.11 1187.8
330.64 1041
500 1500
442.13 974.62
317.6 883.88
361.77 901.02
393.89 1160.6
400.85 1355.9
351.59 1115
307 908.19
500 1500
343.35 1047.1
335.46 1017.9
323 1300.8
351.13 1080.7
500 1500
374.63 1501.6
326.55 1031.1
716.29 1380.7
502.02 1140.9
378.62 1191.4
337.07 1687.4
316.24 951.2
500 1500
198.63 1666.9
426.93 1165.3
317.89 1128
396.2 1042.9
374.22 1127
366.58 1029.2
865.02 2452.2
501.25 893.52
500 1500
500 1500
322.48 1352.2
387.92 1040.8
360.11 809.13
600.85 1727.3
366.45 988.08
301.23 1265.8
357.82 1054.3
328.68 894.68
333.02 881.17
283.62 1095.1
640.58 1214
296.64 951.16
338.55 1039.6
500 1500
363.93 1083.9
500 1500
387.43 1135.7
290.3 1115.3
333.38 1136
335.09 1181.1
379.69 1045.6
500 1500
277.54 1670.7
340.36 1056.6
337.73 1128.7
566.13 968.17
454.32 987.63
349.7 935.02
328.68 894.68
298.16 2193
335.81 867.89
500.26 911.1
500 1500
303.62 2317.1
317.53 954.96
380.33 1104.1
226.24 554.51
333.07 1178
185.07 933.55
341.33 1100.7
343.68 1211.5
319.53 2354.8
354.38 930.82
806.98 2726
500 1500
311.75 1072.1
325.03 1280.3
407.35 851.83
506.85 964.03
373.14 1083.1
717.71 1983.3
377.92 976.8
386.26 989
410.27 1076
354.08 1053.5
1037.9 2350.4
344.21 1048.4
336.67 1165.7
320.92 1084.1
500 1500
420.98 1036.8
325.52 1622.5
297.6 1282.2
500 1500
211.42 572.78
515.68 1121.4
328.48 1777.1
299.33 706.2
318.7 1161.1
597.83 1474.1
328.01 969.3
368.3 1079.4
500 1500
1234.3 2430.5
331.51 961.05
789.57 2494.3
500 1500
335.09 1181.1
314.17 1131.4
349.29 830.01
298.54 1173.7
880.36 2493.1
300.5 758.36
497.36 935.55
319.41 1955.1
337.62 1176
299.63 1359.7
302.28 1004.5
320.86 869.12
1200.7 2355.3
325.5 1013.6
362.07 1016.5
500 1500
322.11 873.31
500 1500
333.6 932.92
323 1300.8
500 1500
500 1500
370.22 855.74
331.52 890.92
365.14 794.12
519.56 1115.3
439.53 1010.5
500 1500
316.5 1130.4
349.79 950.77
285.9 988.93
314.64 988.83
338.74 887.84
448.34 941.61
528.36 1155.1
381.09 858.68
500 1500
347.88 710.39
441.1 1026.7
493.75 878.75
291.65 1282.9
644.64 1972.5
361.72 1021
530.97 1489.7
353.36 865.19
500 1500
344.29 1158.3
330.64 1041
389.66 1122.3
262.21 1198.4
326.51 955.99
339.97 876.07
261.91 2385.9
301.05 1673.8
431.2 1073.8
395.15 1105.8
232.9 892.07
345.57 1163.6
447.37 1459
366.27 1196.5
332.48 622.33
585.4 1222.6
296.98 809.76
319.43 1216.9
468.49 1149.3
339.1 901.75
361.65 1030.7
500 1500
359.49 1139.7
500 1500
358.25 1707.3
240.66 2180.1
449.32 1939.9
235.95 2256.7
318.19 2208.4
382.98 2076.4
348.12 1886.5
235.86 1432
271.16 2247.7
221.76 2245.1
373.34 2029
530.48 1964.5
403.98 2136.8
296.38 2195.3
377.28 1705.3
312.89 2097.4
484.08 1708.5
287.16 2099.1
321.91 2052.1
305.86 2162.7
282.52 1964.7
338.82 2118.2
478.04 1641.9
243.9 2112.7
338.04 2235.3
328.62 2155.6
346.74 1765
317.9 1935.6
331.08 2149.2
306.26 2132.6
443.5 1669.1
282.63 1972.9
493.74 2190
500 1500
380.73 1796.3
326.89 1640.5
282.34 1974.3
463.44 1838.9
372.39 1966.2
316.2 2044.2
198.42 1430.2
347.33 2018
600.7 1678.9
325.67 2058.3
463.92 1816.7
304.08 2160.1
317.15 2445
273.77 2244.7
321.72 2136.2
327.77 2083.1
204.55 2144.6
495.21 1899.1
335.69 2289
317.9 1935.6
316.38 2064
579.32 1757.5
392.82 2058.3
433.17 2044
303.99 1927.9
349.05 2094
265.69 2347.3
174.23 2382.8
296.22 2095
300.32 2058.9
322.5 2119
288.58 2388.1
229.53 2118.3
274.46 1961.2
376.92 2129.2
382.91 2063.8
321.26 2098.5
276.21 1562.9
272.52 2406.7
274.32 1574.9
366.48 2020
428.14 2022.7
419.11 1912.7
381.9 1972
403.73 1775.2
378.45 2145.4
321.98 2261.6
307.15 2124.3
362.15 2149.9
334.59 2177.2
330.77 2022.7
428.14 2022.7
327.71 1953
268.77 2103.8
417.1 1988.6
382.75 2076.1
278.83 1682
356.53 2180.7
289.54 2179.4
421.52 1910.8
317.06 2268.9
293.79 2111.7
312.44 1999.7
182.98 1797.1
367.24 2025
339.38 1999.3
363.68 2063.9
257.54 2130.3
177.64 2182
340.66 2014.5
307 2143.4
387.21 2163.4
301.11 2059.8
267.91 2080.5
471.06 1844.5
340.46 2263.9
372.03 1904.5
306.06 2079.2
317.44 1981.8
399.96 1991.4
293.48 2150
317.35 2021
169.4 2466.9
509.18 1852.8
323.38 2045.2
432.26 1786.8
432.48 1869.3
366.07 2062
287.53 1956.1
298.76 2129
359.03 2127.8
277.27 2195.4
323.18 2206.3
254.34 2130.6
288.21 2226.8
374.81 2065.4
372.72 1807.7
416.54 1960.1
256.05 2043.8
364.35 2064.6
324.7 2039.7
307.7 2344.9
407.64 1930.1
215.39 2012.8
337.39 2050.3
305.08 2072.1
155.59 2170.3
308.71 2133.6
283.07 2120.9
266.2 2185.7
287.63 1466.3
395.74 1966.6
302.19 2059.4
265.09 2209.3
353.77 2268.1
335.96 2103.8
381.89 1986.6
342.32 2382.5
428.86 1559.7
346.93 2060.3
442.55 2165
277.39 2297
278.28 2127.2
295.9 2124.8
437.96 1986.1
330.15 2172.7
286.17 2166.2
472.08 1926.4
374.34 1982
247.16 2099.4
301.82 2044.3
300.32 2395.1
382.75 1676.5
200.44 2275.3
352.02 1659.4
324.31 2147.8
376.38 1653.6
388.85 2089.2
293.29 1176.3
210.26 1987.3
406.04 2128
347.86 1934.4
308.53 2111.4
323.82 1821.6
339.84 2115.1
415.11 1955.3
255.08 1920.7
254.25 2190
361.72 2204.4
337.29 1157.9
316.48 2147.1
313.69 1906.3
498.94 1782.8
372.52 2114.2
318.21 2183.5
298.11 1946.8
319.6 2367.5
303.27 2133.3
340.31 2151
318.82 2187.6
295.37 2103.2
303.97 2130.7
438.67 1741.1
363.13 2021.1
328.62 2155.6
403.84 1924.9
168.62 2169
293.95 1906.2
278.56 2130.2
291.33 2250.1
278.99 2064.6
310.22 2260.1
251.5 2334
270.92 2267.1
191.11 2218.7
284.23 2082.7
435.07 1967.5
449.99 1768
293.14 2218.1
317.09 1684.4
315.17 2293.9
514.68 1923.8
341.5 2269.3
333.31 2356.4
272.68 2089.5
338.52 2047.5
284.35 2301.3
325.52 2107.2
228.5 2286.5
330.98 2062.3
363.13 2021.1
272.19 2138
258.04 2173.7
350.01 2110.4
342.7 2173.2
322.3 2080.4
281.79 2141.6
325.65 1879.4
301.86 2188
233.15 2309.2
197.58 1948.7
286.05 1987.9
329.31 2069.5
309.65 2122.5
222.27 2153
350.17 2197.3
315.05 2070.4
393.27 2151.5
332.99 2015
239.67 2110
372.93 2161.6
362.9 2113.1
335.65 2135
335.49 2127.8
193.23 2095.6
307.2 2253.3
420.76 2008
177.87 1897.8
270.44 2266
315.76 2223.2
327.42 2089.4
301.58 1431
243.19 2246.3
536.36 2023
418.76 2326.5
369.87 2103.2
602.12 1631.3
278.26 2030.3
432.8 1894.9
191.11 2218.7
316.55 2119.3
374.75 2142
371.38 1090.1
303.66 2128.1
335.65 2135
484.4 1927.7
319.67 2280.2
300.48 2084.4
282.95 2191.4
246.39 2107.7
401.29 1894.1
407.96 1734.4
304.66 2161.8
506.97 1827.6
443.27 1925
365.79 1512.3
341.59 2089.6
293.16 2037.2
349.73 1968.5
168.19 2151
385.88 2017
304.19 2137.6
401.91 2077.9
332.33 2252.2
268.24 2217.9
347.32 2014.2
327.6 2185.3
458.77 1794.5
363.04 1929.6
198.42 1430.2
448.59 1726.7
518.15 1734.8
543.56 1805.5
311.32 2173.2
339.38 1999.3
293.56 2284.9
346.49 2203.8
278.95 2182.6
309.71 2254.9
421.7 1925.2
244.07 2331.5
447.81 1892.6
365.81 1779.9
314.55 2055.7
236.68 1993.4
178.77 2346.6
263.29 2090.8
336.73 2184.4
296.05 2245.6
303.87 2050.3
272.61 2036.1
573.8 1738.2
270.31 2156.7
391.62 2009.4
326.26 2286.1
293.05 2133.8
281.23 2227
311.05 2145.8
338.04 2235.3
516.14 1847.2
310.09 2101
266.76 2318.7
272.45 2163.9
441.97 1838.2
461.24 1814.4
471.08 1901.8
311.56 2124.7
273.44 2107.4
319.74 2052.6
403.44 1894.1
401.84 2074
359.45 2266.1
336.26 2104.1
137.78 2103.2
177.3 2178.3
326.73 2221.9
329.05 2191.3
288.48 2149.6
308.55 1744.6
194.05 1912.5
468.86 2013.8
242.27 1288.9
415.59 1899.8
223.45 2310.8
356.35 2309.6
479.26 1938.8
408.14 1949.2
285.7 2098.2
552.72 1671.8
273.13 2178.8
284.23 2082.7
333.05 2054.4
279.97 1502.2
329.08 1441
457.84 2007.7
363.93 1823.6
321.08 2179.7
333.07 2268.5
170.34 1989.8
625.81 1838.4
469.93 1769.8
263.84 2113.5
284.23 2082.7
297.31 2178
263.46 2135
293.09 2134.1
266.76 2318.7
241.53 2132.3
290.66 2147.5
415.87 2219.8
343.76 1989
356.09 1907
539.52 1795.3
315.04 2106.9
534.33 1837.3
351.16 1444
356.09 1907
387.32 1990.4
368.02 2380.2
329.69 2015.6
311.6 2320.4
312.65 2039.8
413.56 2027.2
315.34 2068.9
336.81 1859.9
316.2 2044.2
619.24 1789.3
305.53 2150
304.93 2295.1
363.64 1995
441.35 1835.3
342.72 2131.9
263.06 2179.3
320.22 2211.4
385.97 2075.6
327.65 2214.5
343.7 2075.2
359.04 2048.8
280.28 2177.3
345.87 2142.2
319.84 1778.1
248.34 2166.8
300.12 1563
351.15 2032.1
283.34 2212.5
327.51 1963.9
448.17 1887.7
374.34 1982
430.95 1824.8
513.24 1769.3
288.27 2264.8
383.21 1972.7
314.29 2221.5
333.97 2069
315.41 2119.6
244.51 2087.9
443.6 1742.6
332.18 2104.2
347.1 1914.5
459.7 1894.8
323.18 2206.3
313.19 2177.6
334.27 2012.1
261.89 2238.9
441.82 1833.2
351.41 2265.4
288.09 2087.6
316.37 2168.4
280.36 2103.9
304.9 2149
513.13 1810
351.21 1874.4
330.94 2068
382.2 1959.1
266.33 2172.6
329.44 2071.9
401.84 2074
225.41 1162.5
297.57 2088.1
308.7 1970.7
472.91 1817.8
404.9 1953
324.3 2085.3
298.76 2129
446.87 1941.3
276.21 1562.9
262.5 2136.3
295.78 2006.7
295.37 2313.2
331.14 2260.3
242.62 2074.4
383.5 2245.5
364.02 2016.6
345.73 1157
300.76 2049.8
477.44 1795.4
355.52 1980
313.98 2168.9
408.97 1930.9
528.68 1980.3
349.76 2070.5
301.22 2138.8
394.93 2123.7
273.14 2010.8
295.18 2049.8
428.73 1934.2
435.71 2169.2
345.36 2070.6
347.3 2020.1
286.45 2130.1
270.48 2133.5
276.82 2144.4
365.74 1945
421.09 1863.6
231.48 2141.3
269.52 2042.3
291.21 2104.5
266.26 2201.7
325.08 2230.8
342.15 2194.4
335.31 1988.4
368.2 2148.8
439.66 1949.3
305.76 2086
418.35 2150.4
288.65 2258.7
369.65 2256.3
305.58 2086.4
287.19 2216.4
266.25 2022.4
267.91 2078.8
315.13 2362.1
388.05 2166.9
323.09 2117.6
512.74 1844.1
303.69 2001.4
326.06 1747.8
500 1500
1057.3 2070.8
799.88 1265.8
333 1509
667.16 1177.3
593.67 1436.9
500 1500
667.16 1177.3
952.24 1487.1
500 1500
630.75 1358.6
500 1500
716.44 1381.1
500 1500
530.74 1679.9
831.64 1285.5
530.63 1257.4
710.48 1195.2
500 1500
500 1500
500 1500
500 1500
682.75 1355.6
615.89 1360.5
619 1293.6
500 1500
654.95 1205.7
500 1500
500 1500
620.74 1800.2
500 1500
465 1255.3
500 1500
575.51 1420.1
500 1500
672.01 1308.3
582.71 1347.2
590.9 1522.4
684.72 1280.1
654.38 1488.2
356.86 1513.8
724.82 1372.2
827.98 1462
500 1500
553.73 1596.1
685.01 1334.6
253.16 1564.2
516.73 1672.2
646.31 1134.1
838.43 1337.1
500 1500
617.67 1497.5
636.77 1443.1
500 1500
318.1 2111.1
500 1500
500 1500
619.16 1405.5
500 1500
693.33 1289.7
456.75 1604.5
680.53 1479.2
500 1500
527.31 1515.6
500 1500
821.34 1270.7
613.92 1334.7
570.52 1317.5
500 1500
576.44 1601.4
500 1500
500 1500
500 1500
500 1500
462.66 1468.8
500 1500
500 1500
500 1500
500 1500
608.66 1124
699.07 1380.2
504.14 1269.4
661.56 1125.9
470.07 1649.8
500 1500
279 1163.6
784.28 1402
650.04 1215.7
644.66 1191.8
1222.4 1758.5
621.39 1454.3
795.46 1195.5
647.81 1837.1
540.76 1355.2
662.55 1443.1
414.49 1523.4
706.36 1459.6
358.53 1453.6
1024.8 1315.9
695.38 1268.2
699.75 1344.2
500 1500
793.78 1331.5
500 1500
248.4 1284.7
591.74 1361.7
633.12 1407.4
1122.9 1315
566.45 1628.1
288.33 1234.4
500 1500
532.1 1328.6
637.03 1627.4
799.78 1295.5
590.59 1784.6
500 1500
501.32 1947.6
500 1500
576.71 1282.5
500 1500
567.84 1473.4
671.39 1329.1
361.76 1352.2
570.04 1454.3
759.96 1357
977.84 1555.7
755.98 1244.9
669.26 1504.7
500 1500
500 1500
754.87 1232.8
887.6 1214.9
521.28 1613.7
685.65 1514.8
539.92 1591.5
684.81 1289.6
382.51 1365
485.3 1643.4
356.28 1035.6
770.1 1402
776.19 1357.3
633.26 1554
647 1329.9
500 1500
531.97 1873.1
415.7 1757
500 1500
737.7 1276.8
500 1500
729.39 1354.4
799.03 1323
681.53 1353.6
500 1500
1024.8 1315.9
483.58 1515.3
586.48 1359.6
575.52 1297.8
628.25 1383
531.37 1691.4
736.13 1316.5
338.41 1484.1
550.76 1721.6
500 1500
724.92 1182
554.29 1658.3
748.81 1276.1
681.44 1391
500 1500
549.96 1133.5
682.13 1363.6
454.71 1850.1
552.43 1619.8
317.1 1573.4
500 1500
500 1500
689.47 1268.1
1033 2495.6
477.41 1694.3
349.15 1023.5
1282.4 2065.8
686.86 1369.1
578.96 1323.5
853.47 1448.5
287.18 1085.8
751.42 1310.7
666.04 1223.6
693.01 1435.7
500 1500
692.64 1279.4
625.75 1313.6
588.77 1532.5
703.84 1199.3
298.16 590.42
559.17 1305.3
583.05 1551.4
519.85 1508.4
638.87 1518.5
817.71 1214.4
638.65 1411.6
381.29 1519.9
500 1500
500 1500
664.91 1439.6
259.23 1753.2
361.73 1437.4
667.54 1424.8
692.56 1283.6
500 1500
631.72 1370.3
443.71 1488.5
875.97 1223.5
699.12 1366
565.27 1647
687.58 1515.1
612.41 1286.6
743.1 1301
500 1500
470.8 1369.2
629.48 1353.3
457.13 1771.2
534.4 1664.9
380.81 1276.4
500 1500
529 1717.9
500 1500
500 1500
582.22 1083.6
776.88 1203
610.76 1414
434.39 1805.4
733.93 1361.1
686.72 1211.3
518.09 1470.5
553.05 1651.2
406.99 2029.8
428.46 1663.3
545.27 1502.4
395.62 1738.5
570.6 1472.1
629.92 1412.5
587.88 1314.5
748.64 1241.2
710.48 1195.2
292.87 2354.9
433.48 1833.1
435.02 1373
695.87 1364.2
500 1500
667.18 1446.6
983.74 1437
653.48 1484.8
564.2 1345
468.27 1913.8
637.03 1627.4
500 1500
760.62 1327.5
500 1500
325.25 1802.3
568.11 1244.6
741.8 1405.6
802.68 1374.9
461.64 1479.4
500 1500
654.24 1442.6
466.31 1847
500 1500
500 1500
571.88 1550.2
360.94 1541.8
609.52 1443.3
500 1500
611.9 1433.6
500 1500
610.21 1647.6
671.09 1316.9
736.96 1204.8
500 1500
863.2 1256.7
500 1500
597.84 1439.3
479.98 1060.7
742.29 1301.9
651.5 1353.3
728.53 1263.5
500 1500
433.72 1851.3
414.49 1523.4
500 1500
383.39 1585.5
725.02 1308.4
720.56 1340.4
500 1500
230.24 1226.3
248.39 1785.4
671.05 1242.4
588.34 1471.8
500 1500
500 1500
500 1500
697.37 1273.1
633.12 1407.4
500 1500
656.31 1782.7
754.05 1318.8
437.8 1069.8
597.84 1439.3
463.2 1579.4
400.03 1321.1
899.27 1303.7
713.19 1216.8
500 1500
544.39 1324.1
673.25 1192.7
500 1500
563.46 1710.7
659.61 1239
712.3 1316
500 1500
500 1500
651.36 1339.6
500 1500
500 1500
666.04 1223.6
504.78 1762.4
481.36 1501.4
789.86 1389.9
447.71 1556.7
500 1500
500 1500
638.65 1411.6
401.44 1205.5
484.17 1767.4
536.08 1852.9
1113.7 1622.3
687.55 1322.2
500 1500
500 1500
469.18 1408.3
500 1500
612.96 1418.7
988.43 1335.1
584.99 1426
500 1500
359.14 1693.7
580.43 1284
797.15 1262.7
542.59 1627.8
738.07 1305
596.35 1514.9
500 1500
703.15 1230.6
676.09 1410.9
500 1500
471.2 623.07
500 1500
500 1500
892.19 1402.2
603.8 1532.7
582.23 1732.1
635.57 1321.2
500 1500
463.65 1303.4
660.22 1425.7
665.74 1394.7
546.94 1412
500 1500
682.64 1206.3
500 1500
500 1500
470.06 1494.5
768.12 1296.7
500 1500
288.68 1292.2
717.46 1310.8
711.72 1267
568.45 1722.2
622.83 1225.3
571.98 1379.9
610.76 1414
653.56 1294.2
698.8 1361.5
547.21 1261.4
413.72 1283.7
422.07 1344.2
676.26 1473.3
504.15 1385.3
285.22 1543.1
629.13 1535.8
618.96 1254.6
753.14 1193.9
669.61 1448.6
716.78 1305.5
500 1500
500 1500
690.71 1326.2
661.93 1394.6
500 1500
380.16 1131.1
670.09 1315.2
500 1500
777.89 1265.4
507.54 2020.3
393.35 1637.6
658.69 1620.2
871.97 1321.8
500 1500
662.37 1271.7
665.62 1362.4
471.2 623.07
467.24 1626.4
500 1500
529.01 1080.1
737.82 1356.2
500 1500
630.23 1823.2
500 1500
500 1500
728.3 2458
480.6 1463.4
540.73 1374.9
762.58 1502.9
564 1725.8
803.97 1457.2
500 1500
633.25 1342.6
500 1500
660.66 1351.6
500 1500
628.5 1476.7
500 1500
707.65 1272.4
723.45 1297.5
500 1500
729.98 1206.7
500 1500
638.19 1744.6
500 1500
500 1500
601.75 1365
652.61 1324.3
500 1500
645.72 1391.8
715.88 1319.1
500 1500
730.12 980.82
638.34 1268.7
674.32 1187.6
686.72 1211.3
500 1500
808.28 1183.7
500 1500
500 1500
770.74 1360.1
338.41 1484.1
605.06 1613.4
531.36 1792
500 1500
500 1500
500 1500
1083.6 1320.5
542.3 1715.1
509.76 1215.5
411.31 1334.4
721.54 1418.5
267.18 1401.4
605.96 1503.8
500 1500
651.28 1530.7
500 1500
770.1 1402
778.18 1172
686.59 1260.1
367.93 1473.8
728.57 1233.1
737.8 1236.1
757.81 1302.7
500 1500
783.1 1422.2
654.42 1332.8
736.7 1240.8
580.08 1635.2
679.46 1301.3
500 1500
559.47 1373
685.61 1430.4
632.57 1259.4
362.98 1342.8
720.27 1294.2
798.55 1220.7
415.13 1336
625.71 1308.3
500 1500
500 1500
457.24 1882.3
580.81 1555.3
504.15 1385.3
555.46 1432.1
564.85 1607.8
652.2 1502
