-6.8846	-5.1411
6.3903	-1.5543
6.6984	-2.1537
-2.8241	10.824
6.4092	-0.95626
-2.6876	10.335
-8.9783	-0.23049
-7.0854	-4.7559
5.413	-4.5159
-9.1172	1.0305
-5.7595	-6.1705
6.306	-3.3909
-9.2101	3.0583
4.9568	3.1378
5.2685	10.504
-8.5604	3.8534
3.0778	-6.8374
-4.3439	9.8805
0.019493	4.99
-9.2373	1.7318
-6.1781	-5.4563
3.5128	-6.5527
-8.5689	4.9973
2.2304	-7.0452
1.7231	5.2019
-0.99658	-7.5794
6.7466	10.072
-1.3495	-7.446
-1.2631	11.15
0.43754	11.225
-4.7246	-6.7503
-0.093051	11.125
-9.2207	-0.40142
3.8095	11.072
-2.5423	10.841
-8.9745	2.587
-0.18557	-7.4711
10.761	5.8848
-9.2393	-0.42849
-8.4035	-2.3855
-4.6653	-6.8164
-6.8653	-4.6119
-8.7233	4.2687
6.468	-0.84333
2.921	-6.6386
-8.8285	-0.796
-3.6258	-7.2605
-7.7179	6.1085
6.522	0.33238
-9.2999	1.4609
6.1801	1.0039
-9.3979	0.80136
-7.528	6.5232
-6.6848	-5.2215
-5.0641	9.1506
-8.4522	-2.2894
-4.1801	9.9099
-5.4674	8.9443
8.5245	8.727
11.181	5.7838
-8.781	-1.1299
11.338	5.809
-8.6356	4.1362
-7.3788	7.0384
2.1883	11.331
3.7517	4.4971
4.8982	3.6892
-8.9162	-1.5677
-3.8945	-7.2101
4.5129	-5.298
2.3289	4.8275
-0.39662	-7.623
-5.1491	9.3917
6.3382	0.087309
0.34457	11.386
0.058345	-7.7143
-3.7342	10.138
-4.3374	-6.4781
-0.26052	-7.6963
1.3501	-7.3106
-8.6983	4.806
-9.1934	2.2411
-3.2669	-7.4495
2.0407	-6.9124
-7.9013	-3.217
2.684	11.239
-8.7568	4.5224
-6.2295	8.4553
-8.9146	-0.51623
-1.4915	10.815
-8.8299	-0.51794
3.2409	10.958
2.0277	-7.1457
4.4276	10.685
-7.4656	-4.4251
-8.5888	5.2423
3.7694	-6.1934
2.6935	11.052
-0.55343	11.137
6.1277	10.388
-8.2069	-3.0881
-5.7981	8.7346
-9.4454	0.64317
-3.7809	-7.0579
1.4425	-7.3874
4.4812	10.865
6.436	-0.43155
6.4149	0.14544
-4.911	9.4775
2.2599	11.102
10.425	6.5985
8.3575	8.6047
-7.1712	7.1524
-5.2783	9.5171
0.29748	-7.8192
-9.4613	0.53796
-5.2346	-6.4439
4.7203	10.83
-6.1755	-5.3682
-3.0101	-7.4303
-6.5848	7.5512
1.6845	-7.1478
4.4282	10.653
5.6506	3.0032
6.7301	-1.339
5.9649	-3.8317
-3.3279	10.5
6.4444	-1.4403
5.7534	2.1901
6.2047	-2.189
-9.204	2.234
2.9277	-6.7617
-2.3783	10.678
8.9441	7.8995
-5.3149	-6.1192
8.0015	9.0198
7.3903	9.4323
6.3823	0.12787
-9.2332	1.9795
-0.25809	4.5921
-9.2266	1.1271
-9.3821	1.9369
-0.034781	4.7605
6.7468	-1.515
11.185	5.2924
-5.8521	8.4738
5.7673	2.2936
2.7044	11.1
-6.8714	7.5591
-4.9782	-6.617
5.8593	-3.6039
-2.6059	10.393
-1.1481	-7.7288
-1.0626	11.335
10.237	6.701
1.8651	-7.0619
2.041	11.238
-8.6363	4.5892
-4.9001	-6.4031
6.0288	10.106
-6.5598	7.6587
6.802	-1.3539
2.3577	11.218
-0.12864	-7.5304
-8.8859	-0.26656
-5.0954	-6.5592
-1.7469	3.9158
5.0331	3.1393
5.2549	3.5156
6.614	-0.44047
-7.1794	-4.4729
-2.4039	3.2618
0.60014	11.15
-8.8685	-1.2868
1.3056	-7.4256
-3.343	10.353
0.5075	11.356
3.1577	-6.646
6.2248	-2.4994
11.731	4.7144
4.6633	-5.4162
1.9483	-7.2891
-8.5214	4.6093
6.0225	2.2617
-4.6985	-6.5034
-9.3445	2.7657
-7.4418	-4.3171
-7.4421	6.6518
-7.4806	-3.9454
-8.2742	-3.1609
3.1847	4.637
6.6702	9.8604
6.1828	1.2848
-6.2278	8.4177
6.3875	-0.34957
-6.8085	-4.9376
10.324	7.0403
3.368	11.27
-5.6087	-6.0424
-1.3815	4.2789
2.5125	-6.8101
4.3302	-5.8757
1.9423	11.432
6.6437	0.1839
-7.486	-3.7861
10.365	6.6157
5.1517	10.694
-8.431	4.6215
-4.6875	9.5394
6.3824	-1.0573
-1.9874	10.838
-3.097	-7.2674
-8.3315	-2.6884
3.8393	4.0235
0.6736	-7.3997
0.042953	11.343
-0.4989	11.302
-2.0833	10.572
-5.9779	-5.8424
-9.1005	3.0203
-0.27105	-7.6833
-6.9857	7.0023
1.5971	-7.1781
-7.6755	6.3517
-0.9553	-7.8979
3.6708	4.2557
6.0716	1.2216
5.3904	10.348
-7.3929	-4.0321
-9.185	1.992
7.6591	9.2236
11.022	5.7477
4.352	10.815
-8.7274	4.4158
6.1153	10.472
-5.0937	9.5714
-7.9432	5.6433
-9.1077	3.0423
-8.9076	-1.958
11.838	4.5618
2.8319	11.365
-0.97186	11.226
-4.2723	-6.8542
-2.4642	-7.2393
-7.254	7.1033
5.86	-3.4842
1.2197	11.529
-0.31217	4.6983
1.3321	4.8466
-6.0944	-5.5986
6.675	9.7339
-8.6101	-2.1609
0.10576	11.121
1.6473	-7.5673
-2.6009	10.285
9.2108	7.9134
4.2383	11.057
-5.9123	8.7363
-7.6707	6.3566
-7.6153	-4.2163
1.133	11.509
-7.0844	-4.7064
5.9405	1.7982
-7.54	-4.2595
0.10108	11.444
6.5701	10.186
-3.1378	-7.115
-3.4762	10.074
10.767	6.4032
-6.7395	7.532
-0.92123	4.5315
-4.1272	-7.0479
-8.7914	-2.1695
-6.4124	-5.3974
11.067	5.7822
6.0582	10.202
-4.5709	-6.464
-7.0946	-4.6958
3.2941	-6.3317
-6.7235	7.9347
-9.3311	1.7546
4.4021	-5.7904
4.2727	4.0168
-8.1155	-3.4151
1.3772	5.12
-2.5388	10.917
-5.8097	8.3647
-9.2919	3.0749
-6.9484	7.3829
-2.315	10.629
2.0492	4.7547
1.9767	-7.4227
6.2981	-3.4931
-2.8977	10.519
-8.6567	-1.6207
6.4563	-1.8552
-2.1988	10.625
-4.9311	9.2296
2.4489	11.385
8.6259	8.3366
-3.6596	10.067
-8.2719	-3.1682
-7.8901	-3.8617
1.8546	-7.4923
-7.2807	-4.4283
-6.9555	-4.6365
-7.8973	-3.7881
1.2668	11.059
-7.6455	-3.6931
5.6081	-4.1181
6.3415	0.98293
-0.62147	10.977
-8.9267	4.3318
1.51	11.149
-8.4485	5.0469
-4.978	9.3931
2.7172	11.357
6.5653	-2.1539
-6.6369	8.0008
-3.2722	10.522
-6.7493	7.9663
-9.0491	0.78255
-9.0428	1.4249
5.7173	-4.4802
-8.9441	-0.86016
-2.7113	-7.3019
3.8538	10.906
6.2254	-2.9108
-0.39744	-7.8747
-0.23469	-7.7789
4.4919	10.629
6.1108	-3.1845
7.3544	9.4849
-3.9274	-7.0216
-5.3167	8.8388
4.4943	10.547
-7.9385	-3.3337
-1.8099	11
-3.5856	10.387
-6.3147	8.4358
-8.9709	-0.73356
11.409	5.3868
-4.5041	9.8174
-2.315	3.6016
6.3597	1.1177
2.1065	-7.0278
9.1983	8.2571
-1.1004	11.288
-6.4905	-5.2649
-0.64956	-7.7095
3.485	11.243
-5.0248	-6.3596
0.23189	11.465
-4.5048	9.6408
-8.6432	4.4133
-1.8024	-7.464
-9.2711	1.1568
11.481	4.5381
11.578	5.3363
-3.1977	10.243
9.3578	7.8476
11.141	5.6362
6.9909	9.5605
3.4992	4.2749
3.3009	10.877
11.076	5.6003
1.664	-7.3404
6.3728	-2.1934
5.3116	-5.0382
-7.0383	-4.714
-1.3377	11.061
7.9418	8.9878
6.9364	9.7473
-4.3412	-6.8905
-1.6731	10.788
5.0151	10.89
-5.9188	8.5147
-4.0412	-6.991
-1.4888	10.978
-2.7882	10.253
-0.27287	-7.7332
-2.4945	-7.3528
4.6095	10.755
-7.7666	-3.8111
-6.893	-4.9159
2.1266	-7.1877
-3.7769	-7.063
-1.622	10.763
-8.0729	-2.8287
-6.7348	7.2812
3.0002	10.963
11.903	4.2829
2.3014	-7.1974
4.3137	10.969
-2.1204	10.867
6.4985	9.8697
11.648	4.9827
-4.7686	9.6318
10.491	6.176
-8.7048	-1.6344
0.81584	11.11
11.467	5.0855
5.2357	-4.8033
6.5478	-2.6856
2.6316	11.43
-0.68938	11.371
1.6608	-7.1789
1.2307	-7.2423
-7.5925	6.6271
2.5882	4.9074
-9.2243	2.5899
0.60968	-7.3869
6.519	-0.69686
9.1467	8.3071
-7.6125	6.6628
6.5001	-1.4501
-3.252	10.256
0.95724	-7.6515
11.573	4.4464
-5.9752	8.2001
-8.5782	4.6787
8.6704	8.3638
5.6456	-3.8019
-8.5332	5.0145
-7.8344	5.7551
-4.503	-6.486
-4.6011	-6.565
1.6023	11.387
0.85451	-7.3901
-8.5171	-2.6103
9.7004	7.487
-8.608	5.015
6.523	-2.406
-8.1994	5.1416
8.4714	9.0422
-8.456	-2.4677
-7.0378	-4.8821
6.0685	-3.047
8.5358	8.7716
6.4823	1.1653
3.101	11.288
7.0823	9.8095
-8.2701	5.4193
-8.2123	-2.4741
-9.1259	2.8457
-7.6793	-3.976
10.858	6.0342
-1.1633	-7.85
-8.825	3.7389
-9.3097	0.36782
5.0111	-4.9176
-8.8039	4.5981
1.7484	-7.3202
-4.9284	9.2804
1.1046	11.238
5.5846	-4.1849
3.5321	4.3635
3.4828	-6.0373
4.6352	3.7191
4.3335	-5.4877
-7.7531	6.3361
-3.1532	10.262
1.054	-7.267
10.701	5.934
5.3033	-4.8383
-6.1483	8.5178
4.4167	4.1072
-7.8116	-3.9825
-9.0852	3.3227
-0.63116	4.9417
-0.33443	4.9995
6.1378	1.8284
-5.0651	-6.3222
3.5288	-6.2863
-5.7075	-5.7785
-3.4408	-7.2484
3.4465	11.209
10.877	6.2858
-7.4254	-4.5909
7.0294	9.3819
1.4629	-7.3233
5.6563	2.5743
-4.4135	9.6616
4.3012	3.6173
-4.0201	9.6606
-4.6632	9.3873
-4.4238	9.9318
-7.9534	5.8646
2.7743	-6.9807
3.1536	10.944
6.4372	1.4079
4.4387	-5.6941
-7.5259	6.5854
-1.4591	-7.7285
-3.4535	-7.3578
-2.5963	-7.2538
-6.0566	-5.4678
2.5737	-7.032
-4.4431	-6.7377
2.559	-6.9804
-7.9558	-4.0398
-6.4021	8.105
-5.2192	9.0649
1.3755	-7.3507
3.2897	-6.5886
5.6032	10.21
1.9139	11.189
-3.7597	-6.8434
6.6729	0.5842
6.2612	1.4156
-3.6929	10.024
-9.1545	0.48323
3.3037	11.263
0.20934	11.211
-0.38035	-7.6252
7.0131	9.4344
-6.8324	-4.8114
-7.3177	6.6337
-1.8208	-7.5721
-2.1829	-7.6643
-8.8907	-0.91523
6.6457	10.224
-3.125	10.567
6.3176	1.1385
11.644	4.9765
2.5616	11.283
-4.224	-6.5393
-0.86873	-7.4426
9.8383	7.19
-7.0909	7.1888
6.3097	1.3055
9.0405	7.7414
-3.4158	10.215
-9.1903	0.72094
-8.8515	3.5284
4.0542	10.721
-0.8123	10.903
-5.1956	9.4652
7.5696	9.4738
-5.0788	9.4857
-3.6876	-7.0935
4.6487	-5.3343
-7.2363	-4.5511
-8.0259	-3.6334
-7.6585	6.6567
-5.5866	8.6662
-2.641	10.439
-7.8363	-3.2628
9.0652	8.2245
-6.9919	7.3276
-7.3194	7.1202
11.367	5.0203
11.443	5.2863
-7.8295	6.3621
1.7882	11.237
-0.79372	-7.7663
-8.9585	2.367
5.6651	2.7345
5.7478	-3.4242
5.9573	10.218
6.9334	10.039
11.672	4.9061
-6.1632	-5.3808
-7.0034	-4.665
-4.5913	-7.0052
11.537	4.2752
5.1613	-4.9299
11.376	4.9865
6.3654	-1.9022
1.7166	-7.365
-4.0046	10.1
-2.1163	-7.3832
-5.001	-6.5588
-8.4949	-2.7201
-7.6441	6.5438
6.8202	-1.2597
6.5111	-2.5719
6.2306	1.9783
4.181	-5.8004
3.4947	-6.4302
-5.1342	8.9694
2.1503	4.9336
-9.3758	1.5794
-9.1321	2.9626
-5.4374	-6.191
-8.7686	-1.7554
5.2703	-4.8774
1.6446	4.7862
-0.9943	11.127
-8.8456	3.9253
-1.8191	-7.6266
-8.6981	-2.3243
4.7057	-5.4754
-0.30354	-7.4292
1.758	11.265
5.7797	10.341
-9.1087	1.4955
-2.8633	-7.4772
1.301	11.506
0.32717	11.378
5.8153	2.6869
11.399	4.8317
3.3126	4.6642
2.6548	11.04
11.298	5.5185
-8.3991	-2.0346
-4.5683	-6.5779
-6.3421	8.4704
6.1449	-2.9541
4.196	-6.1324
-9.1993	0.48585
-4.9512	-6.4732
-9.4561	1.6369
3.8964	3.9296
1.6362	4.9764
6.2567	0.90657
0.15522	11.308
3.8939	11.071
2.953	-6.6263
9.3672	8.0018
8.6297	8.8428
-7.2238	7.348
-2.4179	10.773
5.6761	10.32
1.3751	11.401
-7.0168	6.9956
-8.3102	-3.0367
3.8914	4.1704
4.4183	3.9188
-3.8433	-6.8914
0.12784	11.086
-3.8217	-6.8469
-6.6653	-5.1226
-7.7149	6.3183
3.6161	-6.2199
-6.6803	7.3909
3.873	4.447
3.9646	11.041
-7.332	-4.7493
-0.32432	-7.4974
-7.7699	6.072
-5.4757	8.9159
-3.9554	-7.2739
-9.3579	1.373
-7.0159	7.6536
7.1288	9.3753
4.4848	-5.2343
-9.1596	2.0024
-8.5565	4.8197
5.7391	10.468
8.7707	8.0817
-2.5595	3.1108
1.7893	-7.3575
-0.90496	-7.5048
-4.668	9.479
10.435	6.1768
4.3818	11.009
-5.9736	8.3087
-5.2576	-6.3611
-8.6611	-2.1384
-6.8016	7.4185
-6.8021	-5.1138
-8.0533	-3.1565
-2.2491	3.7538
-2.9004	10.615
9.5886	7.7844
11.754	4.8286
0.64861	-7.2921
7.2837	9.1923
-1.6341	11.067
6.4436	0.64325
4.2416	4.3026
7.3871	9.5984
10.506	6.3065
10.631	6.1178
6.3841	-2.291
0.51738	11.081
11.16	5.3588
-7.027	-4.5949
-8.728	3.4934
-4.4843	-6.5032
6.223	-2.8129
4.9709	10.527
0.75513	11.527
-6.4108	7.7012
-7.208	6.8736
-1.0697	-7.4455
5.2978	2.9255
-8.9306	-0.94707
-8.0723	5.7864
-4.1365	9.9089
-9.046	-0.79755
-8.4933	-1.6771
4.4559	3.5948
5.2993	-4.7638
2.9415	10.966
5.7168	-4.22
8.9718	8.1972
-6.6368	7.8455
8.0819	8.8842
4.9704	3.6833
-9.4081	0.85397
6.5811	-1.2743
8.7995	8.7026
10.331	6.4268
4.6207	10.611
-5.548	-5.9388
-2.0147	-7.5669
4.3958	3.5703
8.1441	8.9437
11.379	5.2559
-6.9499	-4.9373
-4.6218	9.7444
2.3801	4.9125
0.94305	-7.6663
-0.48216	11.396
9.7501	7.8935
-7.7468	6.7985
5.723	10.503
9.6887	7.7384
-0.73806	-7.6815
2.9422	4.7976
-0.29758	10.997
4.0369	3.8506
-7.8317	6.153
5.2504	3.3601
8.4881	8.853
-8.6067	4.1271
-0.489	11.239
5.7903	-3.6352
-1.0508	-7.4053
-0.66772	-7.7924
3.1227	11.261
8.5531	8.9348
-9.1534	1.6196
-6.4622	8.219
-9.1603	-0.96604
-9.2782	1.7616
5.3093	-4.8888
-3.3055	-7.2241
-6.4443	7.6717
4.2462	10.671
9.8099	7.2547
-7.0958	7.6379
7.8784	9.4446
-3.3152	-7.3066
-9.1293	-0.99034
-9.2488	1.5204
-9.1	3.4622
-8.6616	4.052
11.694	4.567
7.3784	9.369
6.0834	-2.9365
1.0211	-7.6018
-9.0026	1.1472
6.6709	-2.3607
2.7774	-6.6684
-9.457	1.4084
0.99884	11.453
-2.0252	10.589
6.6898	-0.18234
-7.6251	-3.9532
-9.1597	-0.66823
-0.31295	-7.7259
-6.143	7.979
8.4871	8.7109
-8.7545	4.5817
9.0543	8.3572
5.9589	10.185
-1.2159	-7.5001
9.7493	7.0439
-0.41055	-7.5067
-8.8551	4.3354
6.057	1.3259
0.96811	-7.4523
-9.1424	0.89054
7.5169	9.4695
11.085	5.8349
-8.0083	-3.0172
8.4421	8.574
4.6842	3.2628
-4.5226	-6.7304
6.4231	10.007
6.8185	9.8307
-6.786	7.31
0.28776	-7.601
-7.808	6.5369
10.968	5.8789
-6.34	7.9363
10.389	6.6913
-7.6855	6.8477
4.2049	-5.7896
-2.7058	10.266
-9.0974	1.595
6.3758	-1.6743
9.1098	8.0588
3.0212	11.162
-8.4081	5.1754
0.60098	11.208
9.1967	7.6372
-3.5533	10.076
-9.2752	2.4182
5.5135	-4.302
0.4678	-7.5401
11.032	5.7776
8.5553	8.3492
-0.65552	11.318
3.6937	-6.3934
-0.84111	-7.8213
-9.0264	3.3439
-3.4243	10.137
-3.798	10.197
9.896	7.2771
2.7799	11.231
-2.8468	-7.6723
3.5663	4.2333
6.7781	9.6846
10.402	7.119
6.0778	1.8351
-2.784	-7.5765
4.8856	3.4374
2.5306	-7.0344
-9.3002	1.6774
-8.5552	4.4803
2.2282	-6.9638
4.3729	-6.1653
0.34406	11.401
-8.2587	5.3959
3.2489	4.5585
6.3391	-2.9114
6.1305	1.6706
7.3588	9.6045
6.1168	9.9143
-9.3078	3.0798
7.1734	9.7395
-8.8466	3.0624
-7.6646	6.0591
-9.0818	3.2607
6.4243	9.81
2.0425	-7.3016
-4.737	-6.2293
-3.4481	10.235
-8.5741	-1.4289
-8.1289	5.2573
-3.2571	10.318
-8.7569	3.567
-0.052725	11.03
6.6227	10.028
8.8293	8.5628
-1.8114	3.7338
-9.0155	0.77841
-8.2843	4.9056
0.87278	-7.6743
-2.3185	-7.5883
4.6515	-5.256
5.4039	-4.4247
-8.9267	-1.7735
0.42365	-7.3923
7.1885	9.4005
-3.12	-7.4694
6.5639	-2.2817
5.0618	10.527
5.3529	-4.1731
-2.0211	-7.7949
-8.9842	-1.0237
10.642	6.3468
3.7837	11.048
-6.0762	8.2858
-6.4725	7.6543
-4.6218	9.5454
4.1747	10.953
9.4943	7.7281
8.5043	8.4852
4.4344	-5.4233
5.2833	-5.0963
2.8079	4.792
-5.6182	-5.8111
0.50269	11.086
3.1058	4.4756
-6.313	-5.2171
2.3246	11.293
-8.9755	2.3466
6.5532	0.28189
6.5286	-0.52212
-1.2738	11.147
6.385	0.048676
-2.8173	10.713
4.9647	-5.6062
3.4243	10.981
2.5074	-6.7956
-4.2415	10.071
-8.4231	-2.8865
-9.2202	1.6084
-8.0679	5.5843
-3.6709	10.198
3.4146	-6.6493
-4.397	-6.6682
2.5716	-7.0992
4.022	4.2375
3.8102	11.194
5.2188	10.395
0.89211	11.085
-9.2578	2.2981
-7.5705	6.6796
-7.2229	-4.74
5.538	10.546
8.4862	8.3996
-3.7401	9.9677
2.4544	11.33
-2.0834	3.5064
7.2939	9.3636
5.8864	2.5662
-7.3954	6.7432
-6.8885	7.9638
4.8215	10.542
-5.883	8.5061
-8.4898	5.3602
-8.4791	5.0054
10.861	5.5522
6.3998	-3.0967
-7.6639	6.8613
-9.0782	-1.3158
5.8087	2.3912
-3.1494	-7.3075
9.189	8.0464
6.5895	-0.70138
-5.5171	8.6615
-9.4395	0.7313
10.679	6.2324
11.352	5.1028
5.4588	10.6
-8.8384	3.1273
6.4498	9.9893
7.598	9.2044
-9.1635	3.1528
-8.3814	4.8279
4.8414	-5.3219
-4.0477	9.864
2.7257	-6.998
9.9974	7.0007
11.357	4.6803
8.7958	8.1613
-9.0234	3.8062
-6.1741	-5.8881
5.8428	10.643
6.1522	1.3501
6.5378	0.3235
-5.4653	9.1322
6.0218	-3.3472
11.265	5.0217
6.1201	1.5319
-7.4991	6.9459
-4.4684	9.6167
-9.25	2.2674
6.6691	9.8568
-7.8561	-3.411
5.292	2.6322
3.8024	-6.4063
-7.5453	-3.779
0.99028	11.067
2.2928	-7.3211
-8.9205	-0.37232
2.8775	-6.5882
-3.0282	-7.1523
7.5554	9.2231
-6.9474	7.9055
2.1976	-7.1412
-9.2462	2.1519
-1.0501	10.913
-1.8034	-7.5484
1.5913	11.506
-8.256	5.3689
6.7018	-2.3522
6.1469	-2.7192
-9.0025	2.9345
1.6231	5.0411
1.5085	-7.1935
-6.5965	-5.2374
4.7649	-5.0987
1.6121	11.31
5.3122	10.504
6.6528	-0.61915
-6.3124	-5.5362
-0.70395	4.7517
-5.6655	8.9314
2.0024	-7.2624
6.2539	-2.853
7.0092	9.6002
3.7956	-6.4759
6.739	-0.86938
-9.3555	2.7852
0.085428	11.271
7.4131	9.685
-7.316	-4.8722
-7.1169	7.1789
-0.31006	-7.8095
7.564	9.0148
3.8554	4.4709
-6.3076	8.1527
0.11141	-7.4597
6.6211	10.096
2.7029	11.228
-7.7046	-3.9864
-7.9797	6.0918
6.5479	0.57617
-7.0594	7.7141
-7.4402	-4.1424
4.803	3.3284
-8.4648	-2.2488
-8.8919	3.4881
6.6548	-1.1439
5.0337	-4.57
6.0287	10.091
3.1935	10.914
-8.1638	-3.051
4.7044	10.605
4.5142	10.819
0.18969	11.42
-8.1677	5.475
2.055	4.9079
-8.6673	-1.3542
3.1169	11.353
-8.9062	3.5678
-5.876	8.4727
-9.2328	0.93099
-6.2467	8.6869
-2.4041	10.812
-0.16797	-7.6769
-8.7315	5.0171
-9.0453	-0.61835
-6.0092	8.1602
11.422	5.5674
2.5761	-6.9357
-1.5117	10.934
-8.788	-1.9604
0.89971	11.407
-3.1445	10.32
4.1373	-6.0311
-9.1586	1.9551
6.9203	10.055
-9.025	1.3442
-8.8789	-2.082
-3.5313	10.146
-6.1194	8.6121
11.622	4.6474
-7.3052	-4.3137
6.6752	9.7175
3.7947	11.182
3.5517	-6.0954
-6.5664	-4.9053
6.7684	-0.3946
9.8002	7.116
6.0608	1.9597
-7.0091	-5.0016
4.6412	10.872
6.0347	1.2965
-2.6857	-7.6003
-0.93436	10.869
-6.1348	8.3545
11.206	5.1535
0.11966	11.401
-0.78424	11.125
-3.5172	10.54
-6.7842	7.9987
1.471	-7.4344
3.964	-5.8248
4.4361	4.1993
-5.3501	8.873
-9.2308	2.2675
-6.315	8.631
8.4308	8.5633
7.2885	9.7423
9.2727	7.6385
-8.1421	-2.622
6.4799	0.019422
-1.1212	11.223
9.6457	7.5443
4.1012	-5.5921
-6.8546	7.7198
10.512	6.7441
-4.9932	9.1831
7.7744	9.1332
1.4101	4.9036
6.1921	1.3768
0.49377	11.211
5.0384	10.893
-2.1771	-7.3803
4.8656	-5.2171
6.5966	-0.41189
11.138	5.5348
3.2419	4.3689
7.9436	9.1133
10.633	6.545
-6.3837	-5.3934
-1.8284	-7.5064
10.508	6.4091
7.9349	9.2245
-8.5944	-1.7001
-4.4938	9.6406
5.3896	2.75
-8.6223	-1.7937
-9.069	-0.35219
6.4009	-2.0334
-8.375	-3.2007
-7.2997	7.083
-7.5776	6.5571
-3.7882	-7.0004
0.41598	-7.7115
-8.9306	-1.0047
-8.5464	5.0912
-6.9159	7.2855
-5.5199	9.1622
-0.95799	11.29
-8.8642	3.134
-2.2399	-7.3241
-7.1318	-5.0052
-4.1381	-6.8191
-8.9564	3.8517
2.7922	-6.8796
6.4649	0.71405
2.9924	11.362
-9.0211	2.821
-7.9484	6.0709
-7.9515	-3.089
11.542	4.9184
-1.463	10.755
-1.8511	-7.6466
-1.8817	4.1928
-3.9494	9.8725
-9.1559	1.9905
8.1364	8.8321
6.4729	0.47801
10.276	6.7163
6.3086	0.42846
-7.653	6.5848
-4.2671	-6.7547
6.6465	-1.0841
-1.4248	4.2721
6.4675	0.97442
0.74633	11.366
4.4467	4.0971
3.6721	-5.9972
-5.8324	-6.0658
5.7684	-4.3304
3.4433	4.6967
-3.8875	-6.8165
6.452	-1.0264
9.7347	7.5521
3.2278	10.889
6.6204	0.3728
7.1154	9.7654
-8.8625	4.4488
-7.7998	-3.5308
-8.9528	2.6607
0.16847	-7.5068
-7.1274	6.942
6.201	10.112
6.4048	-1.563
4.4577	10.882
0.0065608	11.383
5.4999	-4.9206
-3.9257	10.038
5.0099	3.1185
-4.0656	-6.6593
-6.7187	-5.0188
2.283	5.0712
-8.1531	-2.9978
5.7584	-3.9624
4.9097	-4.7276
9.0063	8.5831
0.77706	11.297
-8.9197	3.6149
10.224	6.419
-0.19747	11.111
5.0139	-5.0765
3.7385	-6.2017
2.6334	-6.789
3.6936	4.2121
9.8289	7.3155
6.7161	0.45865
10.666	6.0202
-2.2614	3.1467
-6.1593	8.1596
10.829	5.9524
-2.0763	10.519
9.9149	6.9458
-8.9032	2.7881
-6.1857	8.3325
0.934	11.494
-9.0717	2.2114
2.4653	4.8725
5.5936	2.5981
8.0949	9.1944
-6.9792	-5.1163
-7.1597	-4.2238
6.5253	-2.1368
1.418	11.068
4.9611	-4.8332
-6.2062	-5.5137
-0.78063	-7.8884
-9.3367	2.1093
-4.7122	9.7579
-8.7615	4.7447
9.9958	7.4764
-1.6393	-7.4366
-5.6329	8.6414
-0.27225	11.26
2.3959	-7.0056
-8.0774	-3.1586
4.8606	10.893
-6.0665	8.4319
-8.9457	3.1502
-8.0777	5.6461
-9.268	2.4656
5.7812	10.482
-8.832	-1.3761
-6.9747	7.6904
10.36	6.8528
-5.0876	-6.4214
6.59	-2.4437
-5.8079	8.3956
-4.9543	9.3882
-7.932	-3.2776
3.5857	-6.2464
4.1484	-5.6961
4.3097	10.766
2.6384	10.962
-6.1775	8.3959
-4.48	-6.7175
-5.9727	8.8125
-9.3285	0.13088
-6.334	8.1214
-5.1436	9.1407
0.97353	11.48
4.2305	4.2811
-9.2389	0.0096047
10.439	6.2544
-8.2978	-2.4374
-8.9369	2.2846
-8.7196	-1.636
-9.2428	-0.35654
9.6585	7.6572
-4.2614	-6.8994
-7.9507	6.3622
5.9904	1.8142
10.198	6.6399
6.4308	-2.0638
-7.3105	-4.2924
9.3185	7.5936
10.238	7.1864
-0.6966	11.224
-8.9322	2.4063
-6.6469	-5.3524
9.2397	7.7225
-6.39	8.0312
-3.2316	-7.3933
-6.491	7.7161
-7.9131	6.3978
-8.8694	3.009
-9.2349	0.91626
-8.9682	3.6435
-9.1299	1.261
-7.5451	6.3784
-3.5381	10.284
-9.1553	0.85459
-7.3475	-4.6099
4.4819	-5.4893
9.4915	7.9473
2.8496	-6.6055
-1.9544	-7.5698
0.30474	-7.8245
3.0782	11.304
-7.6162	6.5498
10.537	6.6241
-7.3006	-4.2205
4.8047	3.3373
-5.4292	9.2068
-9.3781	0.99414
0.99872	11.216
8.6829	8.6236
5.8197	10.238
-5.4907	-6.2993
-3.8496	-7.3662
1.3087	-7.3564
0.7648	5.256
8.6677	8.9129
0.097002	11.157
-2.1627	-7.3798
-2.0577	10.748
6.6188	-0.38954
10.56	6.8475
-3.2816	-7.0112
-3.6907	-6.9203
-9.1959	3.139
7.0939	9.4402
11.418	5.5187
1.6991	-7.252
11.57	4.4342
-2.6762	10.345
-2.7928	-7.2925
9.6484	7.7448
2.4282	4.7168
6.3847	0.34311
5.141	-5.3655
-8.9462	4.4793
-8.0637	5.9961
11.782	4.5958
-7.807	-3.3944
-5.2537	-6.3813
5.6382	-4.6872
5.6274	-4.3498
-6.9805	-5.0728
-1.2067	10.935
1.3516	-7.2398
6.2526	-3.3231
0.86476	11.421
9.548	7.6544
11.866	4.4407
-7.532	6.9612
-4.7461	9.3421
-7.9305	6.1125
8.3068	8.4557
0.91853	4.8808
-6.7972	-5.0139
5.6987	-3.8149
-9.0933	-1.1397
-4.9181	9.373
-2.5458	3.4554
-9.0529	3.5025
-7.8168	-3.5408
-8.9814	-0.21354
6.2946	-2.7025
-0.31559	-7.858
-8.891	2.7137
-1.8173	-7.4751
-9.1124	1.954
2.2839	-7.148
-4.7041	9.3022
-4.5613	9.6946
11.484	4.3544
-2.101	-7.647
4.8174	3.6752
-2.3086	-7.3184
9.9906	7.1241
-8.2571	5.8974
-8.0497	5.4138
1.5133	11.042
-6.5255	8.12
-1.1531	10.869
1.6687	-7.2212
-8.8685	-1.5455
-2.651	-7.5517
9.5909	7.3149
2.1916	11.126
11.037	5.4646
6.3338	0.67477
-6.7817	7.8429
-4.1519	10.108
-6.6014	7.8477
1.9823	-7.4243
-8.9017	3.3666
11.389	5.2547
-1.4072	4.3806
-9.456	1.8422
-6.6336	8.1709
-9.2481	2.285
9.1568	8.0294
1.0855	-7.4663
-4.8514	-6.3915
4.8883	3.6388
-7.5735	6.4451
6.338	10.125
0.80583	11.494
-9.4339	1.7957
-9.4585	1.4488
-2.04	-7.3382
-7.7171	6.6597
3.5131	11.136
-9.0685	3.735
11.559	4.6674
-2.6554	10.436
-8.7429	-1.4164
-7.8462	6.2202
0.17341	-7.5168
-5.4299	-6.107
5.7304	10.535
2.3369	11.483
10.176	7.083
8.4432	8.4953
9.1504	7.8259
6.3749	9.8724
11.443	5.1844
-9.2927	1.5041
9.8208	7.0881
11.702	4.6666
4.6575	-5.0751
9.1301	7.943
-7.8311	-3.8587
9.1016	7.8421
2.9818	4.9522
1.3925	11.433
4.5865	-5.8276
3.6806	-6.1759
6.1303	-3.8166
3.4679	11.185
6.6004	-0.98866
3.1686	11.277
1.901	-7.0706
-7.4461	-3.961
6.7372	-1.5702
-1.4427	4.2782
9.1974	7.886
-7.6153	-3.5305
-0.56342	-7.488
-9.0773	1.6318
-5.4191	-6.3138
-3.9449	-6.8901
3.8906	-6.0818
-9.1867	2.1118
-8.9719	2.7096
-3.6083	-7.1904
4.1002	11.081
-0.20198	11.213
4.7437	-5.2275
-4.0755	-6.9939
-2.3539	10.622
-6.5716	-5.4577
6.1899	-3.4595
4.909	-5.0926
-1.4146	11.003
10.938	6.0338
6.2673	9.8817
-6.7507	-4.8987
-6.0447	8.1492
6.8063	9.9211
4.6635	10.596
6.6804	10.046
-9.3782	1.567
-1.8764	10.747
4.1122	-5.992
5.0329	-4.9126
11.51	4.6355
5.4793	2.4662
11.555	5.0147
1.613	-7.3039
7.8649	8.9526
-5.9793	-5.731
-4.7088	-6.3913
-4.2666	-6.8592
-1.1401	11.059
-3.6028	10.384
-0.80812	11.288
6.799	-0.67434
-1.5831	11.029
6.425	1.5529
8.1197	8.8067
-1.7192	11.005
-8.8487	-0.57656
-3.6813	10.02
10.155	6.611
2.1455	11.3
7.9773	9.0904
-5.9173	-5.525
-4.2285	-6.767
-9.1413	3.4268
-8.7146	3.5075
-6.9722	7.2038
-3.7869	-7.2673
0.1917	-7.6517
-0.88554	11.185
2.2825	11.104
3.1401	10.925
-0.12064	11.317
4.3442	4.2127
-3.0636	-7.3068
-4.3668	9.8505
-8.0615	6.029
-1.5016	11.1
10.199	6.6319
-8.3025	-2.5183
7.7209	9.3509
5.8384	2.7469
4.0511	11.119
-5.9626	-5.9431
2.3632	11.175
5.3926	2.7936
-7.563	6.7776
-7.8498	5.8102
3.6223	10.795
-7.605	-3.8503
-8.3883	4.7548
10.335	6.609
6.3485	-2.1929
-7.0371	-4.949
5.7464	-3.7709
-6.6248	7.5223
-8.1711	5.3968
-5.9057	-5.9497
-3.6101	-7.3026
-7.5932	6.9364
3.8408	11.023
-8.24	-2.7292
-2.2116	10.658
9.0891	8.4521
6.4324	-1.6585
6.5823	-1.6981
-5.2119	9.2735
6.2852	-2.1348
-1.9947	10.991
6.852	-0.30994
-8.9592	2.3492
-8.4611	-2.4554
8.6213	8.4432
-9.0389	3.907
-3.0426	10.575
2.2245	-6.8958
-8.5324	4.7185
-8.6234	4.1449
-7.8495	5.8408
5.9834	-3.6754
7.6555	9.0593
6.3892	-2.3561
4.9766	-5.0273
-8.7485	-1.9357
-9.2497	2.9362
5.8927	10.273
10.115	6.6706
1.8462	11.37
-7.8077	6.4886
-7.5366	6.3962
-9.2553	2.0306
-7.4809	-4.2429
6.2302	1.565
-6.486	7.918
-7.3947	6.9574
3.0099	-6.7556
-5.5011	8.8566
-5.6316	-5.8161
-5.7387	-5.8491
-8.2878	-3.4171
-5.502	9.2251
-9.0229	-0.27417
3.1855	-6.4279
-0.81478	-7.4997
3.1496	11.233
6.6745	0.38151
5.0129	3.1849
-6.3688	-5.2572
6.3954	0.9603
-9.1492	3.4492
5.0201	10.567
1.4379	-7.2548
-6.45	8.0418
6.2668	0.8417
3.4644	4.5055
10.168	6.8671
-9.2352	0.55663
10.714	6.3292
4.1025	10.643
-9.106	1.3274
5.4015	10.568
1.6945	-7.3525
9.8421	7.3223
-3.6106	-7.0126
9.5365	7.954
-4.3154	-6.7295
1.4806	11.18
-6.2987	-5.7209
1.7106	-7.344
-2.2963	3.51
11.726	4.2825
-8.8366	-1.7447
-4.2271	9.8341
-0.13066	11.462
0.47579	11.474
-2.1154	-7.3381
5.7721	-3.9777
-0.55449	-7.477
-7.9318	5.8013
10.535	6.5822
-8.2468	-2.6501
6.5143	0.67008
-2.5043	-7.5864
-5.5878	-5.9364
-7.9095	6.5667
-5.7556	8.7188
8.5193	9.0665
4.6993	-5.4522
3.9635	10.807
6.0917	1.7979
3.0425	4.5736
-3.8211	10.265
-4.2267	-6.8456
-4.0777	9.6584
-9.0814	-0.58662
-7.1557	7.1225
-5.8376	-5.9148
-1.5683	-7.4177
8.122	8.9329
-6.2874	8.6026
-8.5862	-1.9295
10.856	6.1256
-3.1268	-7.1806
8.2113	8.6041
-7.5932	-3.7721
9.7041	7.6658
-6.845	7.5363
-6.5329	-5.3423
-3.5364	-7.3815
-6.1045	-6.0172
-5.0106	9.3575
5.7018	-3.5181
2.5438	11.34
-2.5875	-7.418
-3.3561	-7.0078
-8.223	-2.8973
-4.7151	-6.8025
0.54215	-7.6275
0.49902	-7.4314
-7.3134	-4.0352
5.8565	1.8154
3.7018	11.115
0.9425	-7.553
3.261	-6.586
-0.96505	-7.4671
6.1045	1.7485
1.0722	11.298
1.3388	-7.5125
-5.6129	8.6699
6.2532	0.95238
3.1703	11.037
0.74599	4.8656
5.7844	-3.5227
-7.8662	6.5248
3.105	-6.8923
-2.8784	10.229
-0.35124	-7.4256
-8.7202	-2.2994
-6.2789	8.3355
0.85337	-7.4282
-8.1819	5.2849
4.7215	-5.5377
-9.3514	0.63541
-1.2453	-7.8531
-1.7941	-7.5096
-6.2731	8.1238
0.8669	11.221
-7.3277	-4.188
9.7935	7.2673
1.0441	11.113
-5.6192	-5.8019
3.1594	10.924
2.3578	-7.0213
2.6809	11.024
1.5364	11.527
-5.0835	-6.6151
-8.3856	5.3259
-9.2953	1.6797
-8.9536	2.1157
6.586	-0.25287
-3.4002	-7.082
5.3527	-4.3276
-9.0555	3.3063
-5.8874	8.4803
-9.0777	-1.0336
5.4873	10.314
0.57134	-7.466
3.2604	-6.8463
6.6687	-1.7944
6.3411	10.179
5.5664	3.0344
6.9459	9.5682
5.067	3.1176
11.281	5.1827
-8.9602	2.9169
-9.16	-0.33428
-9.2081	-0.72495
-2.9491	-7.2389
-4.921	-6.5058
11.434	5.0692
11.433	4.6038
6.0119	2.4864
-8.7565	-1.8268
-8.2121	5.5229
-4.1516	-6.7899
-1.458	-7.4339
-6.5223	-5.2252
1.648	11.053
4.0534	-6.1237
-3.0413	2.4288
-9.2314	2.3214
-2.2679	-7.538
-8.5598	-1.8839
8.1972	8.9599
-1.641	4.2525
6.5271	9.7677
-6.7721	-4.8582
-8.4325	4.3333
5.1146	10.714
10.33	6.7809
5.5978	-4.0114
10.865	5.941
4.9012	10.814
-6.2435	8.3995
-5.6374	-6.0286
1.0937	11.096
6.7881	9.5539
-9.3227	0.42998
-9.1649	1.6574
2.8976	4.6819
6.5686	9.9194
-9.375	0.94598
-8.9289	3.2005
2.3109	11.116
6.7776	9.7356
6.7844	-0.77348
-8.7218	4.8585
11.858	4.7654
-1.4143	11.03
-1.0085	11.167
-2.6271	10.758
-6.0919	8.3323
-8.8262	-0.68242
6.0293	-4.092
-6.5876	-5.1524
1.9992	-7.0635
2.6664	-6.896
-1.5947	10.71
4.2538	-5.6888
-9.1252	1.2876
5.6945	10.396
6.3188	10.04
9.0465	8.3976
1.2835	11.178
6.2743	1.6593
9.0703	7.7459
-0.67384	11.286
-3.059	10.404
-8.6201	5.355
11.441	4.9327
6.3868	-2.2203
8.0356	8.8678
1.6568	4.8543
-8.9581	-0.67494
-0.20489	5.0523
-2.3266	10.84
-4.3623	9.7322
-7.9829	5.4205
-1.5067	11.102
1.1524	-7.7159
5.5558	-4.5266
5.5472	-4.5451
-8.2132	5.3547
6.0806	1.5753
9.9097	7.4094
5.6114	-4.0876
-9.2306	2.546
7.0259	9.6316
-4.2546	-6.9648
3.1053	4.9375
-0.37769	-7.868
-7.6864	-3.7299
9.0764	8.3765
6.5972	9.928
-0.33702	11.066
6.369	-1.8773
-9.3769	0.60448
-8.3131	-3.3594
-6.4836	8.4126
10.158	6.9588
-7.951	6.64
-5.9604	8.5814
-2.8038	10.764
-0.66746	-7.7649
-8.6948	5.2847
6.1002	-3.7724
-5.687	8.857
-8.3799	4.8452
5.5989	2.4116
2.0281	5.1387
3.4105	-6.5807
2.3369	-6.9373
-9.1172	-1.1229
-9.2047	3.1379
0.54164	5.2727
-1.9419	11.013
6.004	-3.785
11.239	5.2858
10.778	6.5288
-8.7656	-2.3015
-0.46221	-7.8907
-9.3748	1.6288
10.238	7.1395
3.4662	-6.2439
5.7433	2.6186
2.6254	-6.866
-1.3086	-7.8553
3.5124	4.2651
9.3803	8.1656
-6.022	-5.543
-5.1337	9.3134
10.552	6.3097
0.28567	4.9936
-8.3596	-1.9029
8.2355	8.9066
7.6351	9.6043
4.178	10.774
-9.2747	0.61446
0.45027	-7.7494
-4.0613	9.9129
4.002	-6.2853
2.1743	-7.2715
6.0892	-3.1821
11.799	4.475
4.7932	10.636
-4.0488	10.098
-6.949	7.8475
-6.8547	7.9006
-8.8461	-1.2612
-8.803	4.6424
-5.5387	-6.2547
0.12207	-7.7194
6.4256	10.134
8.9144	8.064
-7.4816	-3.8108
-7.8839	-3.8842
-8.5539	4.5201
1.9388	-7.4955
10.922	6.4728
3.5239	-6.5386
-6.0068	8.3937
8.0768	8.9934
-8.5821	-1.7616
-5.2022	-6.4314
-2.5528	-7.5597
-7.0706	-4.7617
3.035	11.198
-3.7786	-7.215
8.8741	8.0012
-0.5944	-7.6119
-7.4658	7.0321
6.6258	0.56025
-8.6365	4.1671
10.437	6.1243
3.044	-6.6846
6.3715	9.8296
-7.9866	6.2726
-9.2607	1.2152
-8.8028	3.1489
6.2487	10.261
6.7088	-0.15429
0.50344	11.078
4.7864	-5.197
4.0923	-5.8809
-5.3195	-6.2894
2.1673	-7.032
0.72671	4.9252
-3.3622	10.153
-9.232	2.3552
-8.8389	-1.7316
-6.9626	-4.9697
-9.1827	3.3408
6.7124	0.28702
-7.8032	6.0466
-7.035	7.2454
-8.8182	3.8476
-8.8086	-1.4206
-9.3714	1.0534
4.7232	-5.1567
-9.3113	1.6323
-8.3741	-2.8276
11.582	4.5993
1.8151	-7.1883
-4.9654	-6.6121
-2.626	-7.3105
-1.8122	-7.7551
-3.247	10.49
-0.83005	-7.8945
-6.2395	8.2141
-1.6115	10.719
-8.8956	-0.8885
2.556	4.736
-9.0623	4.0902
3.0949	-6.6807
-5.4918	9.1957
-4.4893	-6.7123
1.1322	-7.4162
6.6154	0.55493
5.7425	2.4821
-1.9047	-7.5912
-5.1681	9.0847
-1.5062	-7.7052
6.8227	9.5097
8.6513	8.4883
-9.3212	1.3817
-6.7057	7.8877
-4.502	9.3009
-0.30847	-7.6722
-9.3263	2.599
-4.2075	9.9318
-0.77811	4.7647
-8.4856	4.5786
4.327	10.69
-3.6668	-7.1456
6.3995	1.1393
-1.8464	10.884
2.1371	11.216
5.8229	2.8173
10.337	6.5089
-5.7222	8.5791
-9.1421	2.0819
2.1073	5.1464
2.0319	11.441
9.7431	7.2311
5.2487	-4.8625
10.084	7.0941
-2.67	-7.421
-0.63276	-7.7237
-0.37892	-7.5897
3.6437	-6.2123
4.8123	10.583
-8.3732	4.7411
-3.2129	10.498
5.7487	-4.0596
6.1526	10.135
-8.5379	-1.5174
3.9216	4.3449
3.4036	4.7421
8.6371	8.2306
4.8809	-5.438
6.6041	10.167
1.5171	-7.5583
-9.2802	3.1055
3.7246	10.847
8.3793	8.8222
-0.089151	11.029
8.9647	8.0068
1.0878	-7.5952
-8.0936	-3.1901
5.8069	-3.386
-9.1156	0.9468
-8.1176	-3.3358
2.8061	11.215
6.6039	0.11019
2.5696	-6.8693
4.296	10.853
-1.9219	3.6957
8.4836	8.6347
-7.5348	6.8381
5.48	-4.2768
-0.083157	10.988
-0.70743	11.02
5.8157	2.5878
-8.7493	4.8073
3.7451	-6.4744
2.8183	-6.742
-2.0742	10.61
-4.4284	-6.7847
6.9718	9.8484
-7.2909	6.8596
2.7959	-6.5257
-4.6167	9.4091
-8.1276	-2.8573
0.12633	4.7425
-6.8202	-5.0415
-7.2746	-4.0094
0.0065922	11.448
3.7641	4.244
9.3307	7.9382
9.794	7.6588
-8.1097	6.2609
-9.0245	-1.1515
9.1145	7.9911
11.537	5.3277
6.8152	-1.2865
-1.5042	10.944
5.4004	-5.0251
4.9651	-4.9834
-4.5627	9.6482
1.8308	-7.1399
-8.6738	5.0246
-6.3539	-5.4913
-8.9991	3.5648
-8.9774	2.1996
10.036	7.3612
5.6523	2.4511
7.5442	9.0803
-8.1438	6.1797
4.4494	-5.9181
7.2339	9.7272
-2.7111	10.808
4.0876	10.87
2.2933	10.987
-8.9398	-1.2083
4.2553	4.2876
-5.0096	9.0114
5.7526	2.6997
-7.3049	6.8294
4.9559	-5.1765
-0.73607	10.89
